1719565498.1650705 100.0 99999.99999999999 1000.0 10000000.0 10000.0 99999.99999999999 10.0 999999999.9999999 1000000.0 99999.99999999999 0.1 100000000000.0 49999.99999999999 5.0 0.0 0.0 49999.99999999999 0.0 500.0 0.0 49999.99999999999 0.0 0.0 49999.99999999999 
1719565800.3431573 19.876342001767632 136041.12868250755 6844.374516719888 2704000.0 3291.3542620131734 75956.57595578492 23.077605723707695 249999999.99999997 582766.5656953551 171595.29370165628 0.2944494482055768 100000000000.0 95404.27081754856 53.0 0.0 9805.101174823794 3983.5791051768447 24.674028015302643 5500.0 241438.82523248176 50214.78588110497 0.0 0.0 49999.99999999999 
1719566102.7183778 12.249394824524325 220745.59916922293 18020.939183646162 2704000.0 3236.8223215591293 77236.24442863418 23.861749813758895 249999999.99999997 491649.1950239065 203397.0583337119 0.41370363338807403 100000000000.0 95658.3842290087 53.0 0.0 9805.101174823794 3987.4181105953926 24.674028015302643 5500.0 241438.82523248176 50310.191175001135 0.0 0.0 49999.99999999999 
1719566404.9298346 8.016690396522515 337296.29887826816 42074.25785391198 2704000.0 1702.5674687077467 146837.05908568233 86.24448768372866 249999999.99999997 439183.80472688173 227695.09923570088 0.5184505821595566 100000000000.0 96013.44978955334 53.0 0.0 9805.101174823794 4196.220554566537 24.674028015302643 5500.0 241438.82523248176 50383.085297707104 0.0 0.0 49999.99999999999 
1719566707.8238668 5.477645434045356 493642.7581080288 90119.51650610274 2704000.0 1420.2406077791316 176026.51172672195 123.94133132271111 249999999.99999997 317252.33345893055 315206.50741862983 0.9935514231905073 100000000000.0 96482.48916724263 53.0 0.0 9805.101174823794 4375.628441837866 24.674028015302643 5500.0 241438.82523248176 50645.61952225589 0.0 0.0 49999.99999999999 
1719567010.6337082 7.063870617399685 382792.9681129101 54190.257557947996 2704000.0 984.7209664768652 253879.02615138786 257.8182396783083 249999999.99999997 237620.68331369932 420838.786445131 1.7710528417661053 100000000000.0 97157.3357382368 53.0 0.0 9805.101174823794 5125.750248278594 24.674028015302643 5500.0 241438.82523248176 50962.516359335394 0.0 0.0 49999.99999999999 
1719567312.668506 6.782219837762253 398689.52417976566 58784.51800691123 2704000.0 648.410961990295 385557.94805292296 594.6197252271216 249999999.99999997 209076.20698972055 478294.50055460684 2.2876562926078083 100000000000.0 97354.83248052352 53.0 0.0 9805.101174823794 5520.787013983198 24.674028015302643 5500.0 241438.82523248176 51134.88350166382 0.0 0.0 49999.99999999999 
1719567616.656338 5.23447753369523 516574.9556844763 98687.01362441518 2704000.0 606.7339277714796 412042.2289853553 679.1151938688799 249999999.99999997 291540.7780086662 343005.19015911885 1.1765256047609332 100000000000.0 97660.50175898965 53.0 0.0 9805.101174823794 5600.239856780495 24.674028015302643 5500.0 241438.82523248176 51540.75143285028 0.0 0.0 49999.99999999999 
1719567918.7328084 8.334310963801038 324441.9378811832 38928.465627255006 2704000.0 645.8390695582628 387093.33607053774 599.3650033208729 249999999.99999997 226481.44441736565 441537.27585610724 1.9495516597043214 100000000000.0 98832.55304517747 53.0 0.0 9805.101174823794 6629.991173137368 24.674028015302643 5500.0 241438.82523248176 51877.757213348115 0.0 0.0 49999.99999999999 
1719568220.8943343 6.557293025538562 412365.28388601576 62886.511595560034 2704000.0 662.642573063154 377277.2987469572 569.3526405992034 249999999.99999997 226812.22541263647 440893.34169739444 1.9438693875309545 100000000000.0 99154.7042782785 53.0 0.0 9805.101174823794 7212.301267582278 24.674028015302643 5500.0 241438.82523248176 52747.01998534375 0.0 0.0 49999.99999999999 
1719568523.8304355 7.675062927645056 352309.8149801971 45903.182592966245 2704000.0 635.910391633848 393137.15153745736 618.2272796759429 249999999.99999997 197705.08851854256 505803.8756074865 2.5583756057955367 100000000000.0 99479.02969563229 53.0 0.0 9805.101174823794 7259.880825953779 24.674028015302643 5500.0 241438.82523248176 52941.751587074024 0.0 0.0 49999.99999999999 
1719568826.305166 8.052197781212424 335808.9398038677 41704.01037433345 2704000.0 575.9655793668114 434053.71597871854 753.6105134197362 249999999.99999997 189388.6108518403 528014.8555407618 2.787996876717315 100000000000.0 99528.53232116128 53.0 0.0 9805.101174823794 7720.448848780982 24.674028015302643 5500.0 241438.82523248176 53008.38452687386 0.0 0.0 49999.99999999999 
1719569130.0767362 6.524329401946952 414448.7246755335 63523.57447676633 2704000.0 466.3412720075003 536088.086143015 1149.5617444179227 249999999.99999997 263304.2944090014 379788.71641442314 1.442394691157151 100000000000.0 99764.74013460542 53.0 0.0 9805.101174823794 8103.185362716801 24.674028015302643 5500.0 241438.82523248176 53535.097815812245 0.0 0.0 49999.99999999999 
1719569432.722516 6.150820224042361 439616.1652442043 71472.77098521433 2704000.0 500.9901246353124 503504.743217757 1014.0681057711174 249999999.99999997 213538.06756714234 468300.57581446087 2.1930542930815564 100000000000.0 99874.25010032121 53.0 0.0 9805.101174823794 8568.503378199222 24.674028015302643 5500.0 241438.82523248176 53771.02708733297 0.0 0.0 49999.99999999999 
1719569735.4444387 6.450521792843671 419190.89444823953 64985.57913769049 2704000.0 537.6692348868218 464969.8806974226 864.7879598231016 249999999.99999997 176015.76645030198 568130.9238183217 3.2277274659865958 100000000000.0 100211.65637957361 53.0 0.0 9805.101174823794 8998.671229941534 24.674028015302643 5500.0 241438.82523248176 54191.33813192154 0.0 0.0 49999.99999999999 
1719570038.5212855 5.18769917028917 521232.99968630896 100474.7928853505 2704000.0 571.1752033977051 437694.0709485366 766.3043989740104 249999999.99999997 185973.5327885979 537710.9231649281 2.891330368908792 100000000000.0 100536.63200280478 53.0 0.0 9805.101174823794 9253.519786007882 24.674028015302643 5500.0 241438.82523248176 54573.95492161733 0.0 0.0 49999.99999999999 
1719570341.1727538 4.9418740099682 547160.853260482 110719.30448991816 2704000.0 548.71438754508 455610.4335417323 830.323468608341 249999999.99999997 189054.05740166688 528949.240097707 2.797872985999417 100000000000.0 100669.5965551268 53.0 0.0 9805.101174823794 10382.480709053167 24.674028015302643 5500.0 241438.82523248176 48124.97885038311 0.0 9.78221089667086 49999.99999999999 
1719570644.4307353 5.982303562479696 451999.79769652104 75556.1453837633 2704000.0 809.367775714313 308883.065895922 381.63499358905807 249999999.99999997 129469.26415402282 772384.0917257027 5.9657718515093885 100000000000.0 100980.99274254245 53.0 0.0 9805.101174823794 11131.065800911645 24.674028015302643 5500.0 241438.82523248176 49193.1619552735 0.0 9.78221089667086 49999.99999999999 
1719570946.7867556 5.749012264790489 470341.6648735471 81812.60418491867 2704000.0 461.41572442635317 541810.7506214879 1174.2355579560806 249999999.99999997 194097.65972355253 515204.5632205304 2.654357419632575 100000000000.0 101141.1463082113 53.0 0.0 9805.101174823794 12189.10740903135 24.674028015302643 5500.0 241438.82523248176 50126.82760206243 0.0 9.78221089667086 49999.99999999999 
1719571250.130232 4.4222297089840765 611456.2512450744 138268.7674506951 2704000.0 376.4020318574424 664183.4497181576 1764.5586195180497 249999999.99999997 245883.17546187816 406697.20411799406 1.654026158373933 100000000000.0 101666.2779493215 53.0 0.0 9805.101174823794 12993.953719434123 24.674028015302643 5500.0 241438.82523248176 50619.794491804736 0.0 9.78221089667086 49999.99999999999 
1719571552.714815 5.320652997733185 508208.2972056277 95516.1513863327 2704000.0 385.81317649824535 647982.0162418352 1679.5227734913356 249999999.99999997 139285.5071672311 717949.785543276 5.154518945616361 100000000000.0 102064.60550451487 53.0 0.0 9805.101174823794 13507.180258837494 24.674028015302643 5500.0 241438.82523248176 51775.679880197276 0.0 9.78221089667086 49999.99999999999 
1719571855.0601876 5.268551140338578 513234.0804850251 97414.65287400488 2704000.0 351.02189706982307 712206.2813940966 2028.951149028828 249999999.99999997 125717.36840165676 795435.0402921905 6.327169033246388 100000000000.0 102455.48294087085 53.0 0.0 9805.101174823794 13808.220278270586 24.674028015302643 5500.0 241438.82523248176 52018.66349490805 0.0 9.78221089667086 49999.99999999999 
1719572157.199532 3.0476429558305935 887243.0396831251 291124.3385599673 2704000.0 523.589903612753 477472.91969346296 911.9215561624005 249999999.99999997 138642.6802546711 721278.6121583281 5.202428363570438 100000000000.0 103577.50981846514 53.0 0.0 9805.101174823794 14617.848233898088 24.674028015302643 5500.0 241438.82523248176 52440.78223344383 0.0 9.78221089667086 49999.99999999999 
1719572459.333777 4.359352915082331 620275.5437956855 142286.15023337037 2704000.0 336.0113643374481 744022.4543980932 2214.2776505942506 249999999.99999997 138707.5283829774 720941.4021414594 5.197565053216934 100000000000.0 105277.65594019394 53.0 0.0 9805.101174823794 16003.727138144764 24.674028015302643 5500.0 241438.82523248176 53392.7535291415 0.0 9.78221089667086 49999.99999999999 
1719572761.6166072 4.289585697021609 630363.9071431701 146952.16546923193 2704000.0 382.90930780139627 652896.1164079815 1705.093355282498 249999999.99999997 164022.08436482912 609673.9983962963 3.717023843205271 100000000000.0 105734.82238532824 53.0 0.0 9805.101174823794 16484.576180447704 24.674028015302643 5500.0 241438.82523248176 54054.6285267711 0.0 9.78221089667086 49999.99999999999 
1719573064.190286 4.84767783520614 557792.8426601016 115063.9257850728 2704000.0 385.7752902529236 648045.653302714 1679.852675058166 249999999.99999997 172364.78460879397 580164.9114519767 3.365913244800801 100000000000.0 106320.99364130708 53.0 0.0 9805.101174823794 17092.240606267056 24.674028015302643 5500.0 241438.82523248176 54214.18697059588 0.0 9.78221089667086 49999.99999999999 
1719573366.7905495 4.246488049845588 636761.4763682954 149950.1397140278 2704000.0 390.2289662477232 640649.5202134643 1641.7272309989678 249999999.99999997 158034.14168383178 632774.658276458 4.0040376815688825 100000000000.0 107346.02158866856 53.0 0.0 9805.101174823794 17721.29875473752 24.674028015302643 5500.0 241438.82523248176 54557.470855694686 0.0 9.78221089667086 49999.99999999999 
1719573669.5030055 3.878114544447965 697246.0377353048 179789.95456271523 2704000.0 474.14711472300473 527262.5146017165 1112.023037216501 249999999.99999997 178426.12642196476 560456.0386157088 3.1411097122081286 100000000000.0 107759.60506012906 53.0 0.0 9805.101174823794 18832.87140914214 24.674028015302643 5500.0 241438.82523248176 55155.56777951399 0.0 9.78221089667086 49999.99999999999 
1719573972.4993026 3.97161267973233 680831.7472141413 171424.50740187144 2704000.0 531.0775211594298 470741.0689388788 886.3886159428729 249999999.99999997 179624.71868154834 556716.2511596591 3.099329843052647 100000000000.0 108550.38522316831 53.0 0.0 9805.101174823794 19089.13326861722 24.674028015302643 5500.0 241438.82523248176 55314.396346274734 0.0 9.78221089667086 49999.99999999999 
1719574275.6411998 3.9579991518913493 683173.4662469242 172605.76367745467 2704000.0 728.1724309030802 343325.2748802227 471.4889774863219 249999999.99999997 115000.99385208171 869557.7025066713 7.561305979886808 100000000000.0 109227.2263138492 53.0 0.0 9805.101174823794 20118.457995774785 24.674028015302643 5500.0 241438.82523248176 56266.91327048782 0.0 9.78221089667086 49999.99999999999 
1719574578.3945608 4.3161950129419875 626477.7175016728 145145.83229515748 2704000.0 620.1001810187216 403160.6628291763 650.1540802114431 249999999.99999997 121937.84345263797 820089.9504905638 6.725475268956154 100000000000.0 109657.91754653885 53.0 0.0 9805.101174823794 20537.109927009104 24.674028015302643 5500.0 241438.82523248176 56525.262265980185 0.0 9.78221089667086 49999.99999999999 
1719574880.918249 4.356669668044137 620657.5678283917 142461.47060009415 2704000.0 679.0360629696412 368168.95837118034 542.1935276324797 249999999.99999997 135837.55569279412 736173.435173972 5.419513266558465 100000000000.0 109771.43706456183 53.0 0.0 9805.101174823794 20804.478973435256 24.674028015302643 5500.0 241438.82523248176 57144.56165369508 0.0 9.78221089667086 49999.99999999999 
1719575183.2038364 4.194370159573725 644673.6690199055 153699.7557424507 2704000.0 625.4627168703936 399704.0802862183 639.0534071898065 249999999.99999997 134266.5016684518 744787.4097958768 5.547082857904515 100000000000.0 109954.14641934079 53.0 0.0 9805.101174823794 21564.760620888184 24.674028015302643 5500.0 241438.82523248176 57546.617446516415 0.0 9.78221089667086 49999.99999999999 
1719575485.2772129 4.519708967115801 598268.6096988952 132368.83481917492 2704000.0 740.5893995003153 337568.96894376026 455.81123517501356 249999999.99999997 130549.46667444997 765993.1713805397 5.867455386016167 100000000000.0 110220.91130632319 53.0 0.0 9805.101174823794 22331.61585356678 24.674028015302643 5500.0 241438.82523248176 57797.20766806012 0.0 9.78221089667086 49999.99999999999 
1719575789.0874212 3.6650925712332643 737771.269741799 201296.76274276117 2704000.0 936.1651646941414 267046.8945313497 285.25617551535123 249999999.99999997 113901.35448465354 877952.6850444387 7.708009171767395 100000000000.0 110900.78794532966 53.0 0.0 9805.101174823794 23024.41432922952 24.674028015302643 5500.0 241438.82523248176 58162.96546361704 0.0 9.78221089667086 49999.99999999999 
1719576091.4102302 3.168000489246734 853535.2217205431 269423.955147018 2704000.0 831.4664795975223 300673.57630702615 361.6183979570283 249999999.99999997 147462.2483707721 678139.6669645556 4.5987340791079845 100000000000.0 111491.07828062713 53.0 0.0 9805.101174823794 23237.45392451409 24.674028015302643 5500.0 241438.82523248176 55532.53980643275 0.0 19.51382350774505 49999.99999999999 
1719576393.6620302 2.9040861432562672 931101.8566990866 320617.85042473604 2704000.0 717.2577326588793 348549.7452543987 485.947699667625 249999999.99999997 143323.5265441133 697722.1563775935 4.868162075001991 100000000000.0 112047.40834613204 53.0 0.0 9805.101174823794 23486.507987181296 24.674028015302643 5500.0 241438.82523248176 55864.11961870827 0.0 19.51382350774505 49999.99999999999 
1719576696.199941 2.9394752362074614 919892.0836933897 312944.32161307917 2704000.0 688.4080867137645 363156.68689108285 527.531116934832 249999999.99999997 147220.12679871378 679254.9508989668 4.613872883207578 100000000000.0 112249.25391668109 53.0 0.0 9805.101174823794 23701.748295652338 24.674028015302643 5500.0 241438.82523248176 56381.71650573389 0.0 19.51382350774505 49999.99999999999 
1719576998.391325 2.885818683889586 936995.8047244584 324689.7699967587 2704000.0 635.6731911589779 393283.85006168456 618.6887468773663 249999999.99999997 170923.7819129376 585056.0927263849 3.4229063163626434 100000000000.0 112625.78734433331 53.0 0.0 9805.101174823794 23913.97888379757 24.674028015302643 5500.0 241438.82523248176 56900.35411054097 0.0 19.51382350774505 49999.99999999999 
1719577300.6126142 2.917239528108102 926903.6614739713 317733.13522701716 2704000.0 592.609984364559 421862.618916333 711.8722769557888 249999999.99999997 184393.87495940804 542317.362884281 2.9410812208576083 100000000000.0 113307.70333776085 53.0 0.0 9805.101174823794 24501.45144566152 24.674028015302643 5500.0 241438.82523248176 57420.129629218834 0.0 19.51382350774505 49999.99999999999 
1719577603.480216 3.244105183590212 833511.815115537 256931.19302411133 2704000.0 532.5078239987356 469476.67007535574 881.6333749801778 249999999.99999997 154501.25234452038 647243.9445151632 4.189247237115477 100000000000.0 113916.31371655792 53.0 0.0 9805.101174823794 24645.628184563855 24.674028015302643 5500.0 241438.82523248176 58108.37513976937 0.0 19.51382350774505 49999.99999999999 
1719577906.9773505 4.074424860399407 663651.9490839089 162882.3629892275 2704000.0 469.6243533644357 532340.3656751935 1133.5450597087947 249999999.99999997 156007.85303394694 640993.3734440934 4.108725047992389 100000000000.0 114941.17226792013 53.0 0.0 9805.101174823794 25371.832783820108 24.674028015302643 5500.0 241438.82523248176 58839.221193123434 0.0 19.51382350774505 49999.99999999999 
1719578209.3095267 3.687631313121146 733262.0238847528 198843.63745250143 2704000.0 413.67574890101616 604338.0610639076 1460.897968201933 249999999.99999997 173268.71344229058 577138.2381349897 3.330885459175602 100000000000.0 115382.34129937066 53.0 0.0 9805.101174823794 25855.896808655318 24.674028015302643 5500.0 241438.82523248176 59195.91254909587 0.0 19.51382350774505 49999.99999999999 
1719578511.8602614 3.7633511003913673 718508.5653365692 190922.5438099167 2704000.0 476.23786303558825 524947.7612016709 1102.2806079625857 249999999.99999997 137963.18386516135 724831.0541871462 5.2538005711404985 100000000000.0 115808.03812822029 53.0 0.0 9805.101174823794 26617.43403589125 24.674028015302643 5500.0 241438.82523248176 60032.54514366278 0.0 19.51382350774505 49999.99999999999 
1719578814.888384 3.490941322390393 774576.1816897164 221881.7534175372 2704000.0 548.1173519009114 456106.7062244637 832.133309851717 249999999.99999997 146605.43336751708 682102.959644855 4.652644475562707 100000000000.0 116408.50062283981 53.0 0.0 9805.101174823794 27030.483179507624 24.674028015302643 5500.0 241438.82523248176 60567.955244429206 0.0 19.51382350774505 49999.99999999999 
1719579117.2935932 3.6651406696773687 737761.5878077676 201291.47945437804 2704000.0 597.5323537870306 418387.38675078284 700.1920215685965 249999999.99999997 162337.86276937646 615999.2394507739 3.7945506300393195 100000000000.0 116639.37000119111 53.0 0.0 9805.101174823794 27387.55530300016 24.674028015302643 5500.0 241438.82523248176 61180.12735225134 0.0 19.51382350774505 49999.99999999999 
1719579419.710655 3.634200851196114 744042.5311413484 204733.46455148837 2704000.0 489.60383480234725 510616.91561489674 1042.9185380482825 249999999.99999997 128117.14266212264 780535.6716682741 6.092359347466439 100000000000.0 117159.88820935489 53.0 0.0 9805.101174823794 28180.711968177653 24.674028015302643 5500.0 241438.82523248176 62057.22290912991 0.0 19.51382350774505 49999.99999999999 
1719579722.4212766 3.9871384302646153 678180.6168241174 170092.06695116137 2704000.0 423.21560727723136 590715.454962499 1395.7789949262087 249999999.99999997 143608.90042805515 696335.6707135139 4.848833663080392 100000000000.0 117778.48356142754 53.0 0.0 9805.101174823794 28879.784490185793 24.674028015302643 5500.0 241438.82523248176 76351.9615008424 0.0 4.51382350774505 49999.99999999999 
1719580024.7460792 4.620367543205756 585234.8270379979 126664.12824637399 2704000.0 483.64172476219943 516911.5632505071 1068.7902568883321 249999999.99999997 173908.09570902583 575016.3590274423 3.3064381314917637 100000000000.0 118364.06420426625 53.0 0.0 9805.101174823794 29494.479816171377 24.674028015302643 5500.0 241438.82523248176 77606.52132211682 0.0 4.51382350774505 49999.99999999999 
1719580328.2416885 4.4315933843029915 610164.2830269027 137685.07850655852 2704000.0 492.73779066489396 507369.24331022636 1029.6941962287667 249999999.99999997 186984.38163910317 534804.0254667316 2.860153456554205 100000000000.0 118658.20662508845 53.0 0.0 9805.101174823794 29966.980320584255 24.674028015302643 5500.0 241438.82523248176 77881.1420405568 0.0 4.51382350774505 49999.99999999999 
1719580630.7384653 4.634236331962891 583483.4061763712 125907.13213135357 2704000.0 577.3431024510764 433018.07701285346 750.018620079638 249999999.99999997 167056.02687757596 598601.5701982619 3.583238398438246 100000000000.0 118748.49695088976 53.0 0.0 9805.101174823794 30290.468916542366 24.674028015302643 5500.0 241438.82523248176 78445.56676286725 0.0 4.51382350774505 49999.99999999999 
1719580934.0573707 4.454920539612179 606969.2996668791 136246.94184101396 2704000.0 634.1519100163981 394227.30744993803 621.6606797569119 249999999.99999997 177838.46770952895 562308.038794701 3.1619033049314296 100000000000.0 118956.33651418341 53.0 0.0 9805.101174823794 28082.716459565163 24.674028015302643 5500.0 242301.53685263783 78933.35323990758 0.0 4.51382350774505 49999.99999999999 
1719581236.536014 5.424879446446179 498444.2560786086 91881.16731425947 2704000.0 576.8434098222227 433393.18044224073 751.3185954153627 249999999.99999997 140822.32661696972 710114.6700408907 5.042628446072832 100000000000.0 119439.93786929912 53.0 0.0 9805.101174823794 28265.380485687252 24.674028015302643 5500.0 242301.53685263783 79394.65925956571 0.0 4.51382350774505 49999.99999999999 
1719581538.8759296 4.608748017885071 586710.3147116407 127303.62181547057 2704000.0 550.9818991653193 453735.4137744347 823.5033028522298 249999999.99999997 149806.24801522438 667528.900328892 4.455948327742999 100000000000.0 119856.00585689057 53.0 0.0 9805.101174823794 72782.07823460027 24.674028015302643 5500.0 242301.53685263783 79910.0224460607 0.0 4.51382350774505 49999.99999999999 
1719581842.0870347 4.074651498732074 663615.0357500303 162864.24396209835 2704000.0 663.6843945522372 376685.0660526161 567.5665559482551 249999999.99999997 134810.96483615 741779.4251494347 5.502367155750257 100000000000.0 120278.89681456197 53.0 0.0 9805.101174823794 73254.21444711759 24.674028015302643 5500.0 242301.53685263783 80232.25829802433 0.0 4.51382350774505 49999.99999999999 
1719582144.4352624 5.698506949944413 474510.2574677699 83269.22501558038 2704000.0 640.6912770835444 390203.53318685916 609.0351892460333 249999999.99999997 151902.62939226718 658316.4517959993 4.333805507052742 100000000000.0 110936.75414549913 53.0 17.12854628440902 9805.101174823794 73935.29370830815 24.674028015302643 5500.0 242301.53685263783 80641.56031550131 0.0 4.51382350774505 49999.99999999999 
1719582446.7777753 5.20385375081509 519614.9103107418 99851.94342353557 2704000.0 536.3718552114456 466094.55281997664 868.976528673816 249999999.99999997 138176.33178119725 723712.944980696 5.237604267326319 100000000000.0 111166.35494739847 53.0 17.12854628440902 9805.101174823794 74540.18156541658 24.674028015302643 5500.0 242301.53685263783 81057.72966814724 0.0 4.51382350774505 49999.99999999999 
1719582749.1223922 4.273449887869479 632744.0524517475 148063.99257139786 2704000.0 638.989441687297 391242.7713044166 612.2836243918401 249999999.99999997 141170.54901449228 708363.0452533991 5.0177820388066925 100000000000.0 111953.0751717848 53.0 17.12854628440902 9805.101174823794 75262.6069823724 24.674028015302643 5500.0 242301.53685263783 81857.22731445481 0.0 4.51382350774505 49999.99999999999 
1719583051.5401814 5.4628808741140205 494976.9292632689 90607.30787828962 2704000.0 379.35836603736755 659007.477840556 1737.1634233990837 249999999.99999997 190548.43031339438 524800.9644347652 2.7541605227165964 100000000000.0 136739.37044452567 53.0 0.0 9805.101174823794 76270.23938005786 24.674028015302643 5500.0 242301.53685263783 82599.96634341923 0.0 4.51382350774505 49999.99999999999 
1719583354.167007 4.597705776417949 588119.4081337397 127915.84253830633 2704000.0 460.20534244649895 543235.7622598953 1180.420373592358 249999999.99999997 213859.65701991352 467596.3732172661 2.186463682459408 100000000000.0 137393.18329332297 53.0 0.0 9805.101174823794 77357.47694269555 24.674028015302643 5500.0 242301.53685263783 82798.9229179506 0.0 4.51382350774505 49999.99999999999 
1719583657.0630786 4.590684269028543 589018.943917092 128307.43945754676 2704000.0 444.25458369227255 562740.3952081014 1266.7070095958807 249999999.99999997 187310.66785242897 533872.422465463 2.878120825822223 100000000000.0 127544.33976353567 53.0 24.420007253394818 9805.101174823794 78875.6189758917 24.674028015302643 5500.0 242301.53685263783 83126.99511724999 0.0 4.51382350774505 49999.99999999999 
1719583959.863831 4.605316714385162 587147.4575361535 127493.39382069865 2704000.0 431.73286138201274 579061.7818614253 1341.2501888501151 249999999.99999997 157808.8696512888 633677.9435843534 4.015477361852951 100000000000.0 162366.8361874252 53.0 0.0 9805.101174823794 24537.71486297269 24.674028015302643 5500.0 260356.0033387926 83546.43477740398 0.0 4.51382350774505 49999.99999999999 
1719584262.3513885 4.604861605338796 587205.4866676189 127518.5959957674 2704000.0 535.7168761300267 466664.41013764363 871.1026867564595 249999999.99999997 123855.34068246021 807393.5241628342 6.518843028600812 100000000000.0 162923.96153023423 53.0 0.0 9805.101174823794 24967.804344617954 24.674028015302643 5500.0 260356.0033387926 84236.16233013482 0.0 4.51382350774505 49999.99999999999 
1719584564.9544744 5.679536189990488 476095.21438836516 83826.42498650272 2704000.0 551.795978444566 453066.00585367484 821.0752226408085 249999999.99999997 131769.86079682672 758898.8816963839 5.759275126400223 100000000000.0 163737.1036829263 53.0 0.0 9805.101174823794 25366.953504326335 24.674028015302643 5500.0 260356.0033387926 84568.9246720238 0.0 4.51382350774505 49999.99999999999 
1719584867.6604974 4.137286147334216 653568.5238359141 157970.3459131124 2704000.0 543.4302377715966 460040.6503420865 846.5495998686796 249999999.99999997 118412.41203092907 844506.0638903312 7.131904919475399 100000000000.0 164491.32588910958 53.0 0.0 9805.101174823794 25444.09738639892 24.674028015302643 5500.0 260356.0033387926 84998.63956770516 0.0 4.51382350774505 49999.99999999999 
1719585170.06451 4.362683515463442 619802.0072773392 142068.98233173773 2704000.0 839.7929902777158 297692.41098014655 354.4830862206899 249999999.99999997 121951.9768127565 819994.9079426462 6.723916490518689 100000000000.0 144904.9281131052 53.0 49.895522853787085 9805.101174823794 26684.81087074204 24.674028015302643 5500.0 260356.0033387926 85407.52381729787 0.0 4.51382350774505 49999.99999999999 
1719585472.7908857 4.3510811397263005 621454.7403659982 142827.6606225482 2704000.0 852.5410026664331 293241.02796005405 343.96120191627676 249999999.99999997 118559.01652807402 843461.7874577312 7.114277869013908 100000000000.0 145163.22060198334 53.0 49.895522853787085 9805.101174823794 26975.749647201916 24.674028015302643 5500.0 260356.0033387926 85627.1388629622 0.0 4.51382350774505 49999.99999999999 
1719585775.1352847 4.055912024559817 666681.1271118391 164372.679455293 2704000.0 800.3109876472962 312378.5676552239 390.3214781213172 249999999.99999997 119558.65825307561 836409.5203236988 6.995808856881198 100000000000.0 145595.55602304538 53.0 49.895522853787085 9805.101174823794 27178.91333099328 24.674028015302643 5500.0 260356.0033387926 85972.30393708976 0.0 4.51382350774505 49999.99999999999 
1719586077.4688628 3.7748486097228544 716320.1175897025 189761.28360344868 2704000.0 576.3276097835118 433781.05743347696 752.6640231524216 249999999.99999997 128645.59189377965 777329.394096676 6.042409869267055 100000000000.0 146011.09801495506 53.0 49.895522853787085 9805.101174823794 27702.25757450992 24.674028015302643 5500.0 260356.0033387926 86798.1071299878 0.0 4.51382350774505 49999.99999999999 
1719586380.1622963 3.6488154778500475 741062.4122854382 203096.70817393227 2704000.0 628.7315619616464 397625.97446197615 632.4256622673444 249999999.99999997 118384.5168456446 844705.0565774981 7.135266326075943 100000000000.0 146546.76427154208 53.0 49.895522853787085 9805.101174823794 28691.088663921946 24.674028015302643 5500.0 260356.0033387926 87746.92919893471 0.0 4.51382350774505 49999.99999999999 
1719586682.7970903 2.811508251045185 961761.3602929252 342080.21973095334 2704000.0 625.1428596169566 399908.590739055 639.707523787588 249999999.99999997 123498.19558503579 809728.4298469293 6.5566013010237345 100000000000.0 147270.13967386784 53.0 49.895522853787085 9805.101174823794 29942.618091112883 24.674028015302643 5500.0 260356.0033387926 88403.53493908823 0.0 4.51382350774505 49999.99999999999 
1719586985.0990343 2.573140256339754 1050856.0477175044 408394.39091141045 2704000.0 507.6332211235483 492481.55872595013 970.1523427405659 249999999.99999997 148159.57184101708 674947.9548125665 4.5555474170566645 100000000000.0 147753.6221368066 52.5 283.46803078176606 9805.101174823794 30805.86796588593 24.674028015302643 5500.0 260356.0033387926 89684.61789239767 0.0 4.51382350774505 49999.99999999999 
1719587288.6365256 4.353875124035765 621055.9382083435 142644.40768633352 2704000.0 438.7681547675117 569776.9933473555 1298.5832885918098 249999999.99999997 101948.02639717817 980891.9655826502 9.62149048144595 100000000000.0 216490.77347076993 52.0 233.57250792797896 38791.20223597426 31918.80423482283 24.674028015302643 5500.0 260356.0033387926 91116.97230413613 0.0 4.51382350774505 49999.99999999999 
1719587591.0721838 3.65781099384139 739239.9455720076 202099.00041764227 2704000.0 635.7321021935079 393247.40584502293 618.5740888153607 249999999.99999997 98414.37276266012 1016111.7445839322 10.324830774814021 100000000000.0 216879.76085275022 52.0 233.57250792797896 38791.20223597426 32550.1342905957 24.674028015302643 5500.0 260356.0033387926 91721.46121248338 0.0 4.51382350774505 49999.99999999999 
1719587893.7280304 4.289849202943669 630325.1867558727 146934.1128176131 2704000.0 663.6000189456968 376732.96091400186 567.7108953561233 249999999.99999997 102767.24106581487 973072.731766316 9.468705413071607 100000000000.0 217284.0592718119 52.0 233.57250792797896 38791.20223597426 33004.25818393109 24.674028015302643 5500.0 260356.0033387926 92230.25884927552 0.0 4.51382350774505 49999.99999999999 
1719588196.3022757 4.287520693926242 630667.5099738928 147093.75300912364 2704000.0 751.7135116607495 332573.5085533832 442.42055436602885 249999999.99999997 125681.5793404604 795661.5482139093 6.33077299306155 100000000000.0 218696.80865269972 52.0 233.57250792797896 38791.20223597426 33275.6036160357 24.674028015302643 5500.0 260356.0033387926 93113.34288351597 0.0 4.51382350774505 49999.99999999999 
1719588498.9214904 4.13706928170239 653602.7839706164 157986.90799339503 2704000.0 680.5294956365494 367361.00580939045 539.816434357148 249999999.99999997 149854.6539555831 667313.2756333345 4.453070078364907 100000000000.0 219278.1210695061 52.0 233.57250792797896 38791.20223597426 34303.14848322883 24.674028015302643 5500.0 260356.0033387926 93436.378169814 0.3198074042777449 4.51382350774505 40000.0 
1719588802.3937159 4.1611087364187975 649826.8060947527 156166.7447926433 2704000.0 633.6755304062243 394523.6765568885 622.5957254558574 249999999.99999997 155046.22673335334 644968.9367286493 4.159849293448846 100000000000.0 219456.73302883384 52.0 233.57250792797896 38791.20223597426 34644.92267861296 24.674028015302643 5500.0 260356.0033387926 93691.59428703671 0.3198074042777449 4.51382350774505 40000.0 
1719589105.310244 3.756892458731953 719743.7855095456 191579.5550220454 2704000.0 642.6047034609721 389041.65913124767 605.4136501583755 249999999.99999997 134922.254550047 741167.5733813564 5.493293718320083 100000000000.0 220484.27582579743 52.0 233.57250792797896 38791.20223597426 35117.672224119815 24.674028015302643 5500.0 260356.0033387926 94253.1470788002 0.3198074042777449 4.51382350774505 40000.0 
1719589407.610176 3.4475469488596864 784325.7945752928 227502.57101929156 2704000.0 600.0496416988302 416632.19611666235 694.329547363972 249999999.99999997 153860.4438293337 649939.6304284862 4.224215232015172 100000000000.0 221108.28363187474 52.0 233.57250792797896 38791.20223597426 35689.51807837042 24.674028015302643 5500.0 260356.0033387926 94318.5933827247 0.7855278419095081 4.51382350774505 20000.0 
1719589709.8475082 3.8796701966801934 696966.4592402194 179645.8007787901 2704000.0 688.6530989662385 363027.48128961277 527.1558086859206 249999999.99999997 156509.09789032792 638940.4919455476 4.0824495224761845 100000000000.0 222328.99429488034 52.0 233.57250792797896 38791.20223597426 35961.10448905213 24.674028015302643 5500.0 260356.0033387926 208764.9840751068 0.03552784190950808 4.51382350774505 20000.0 
1719590012.205619 4.233391688978367 638731.3526976166 150879.34205581623 2704000.0 639.0452322668801 391208.61462838395 612.1767206378375 249999999.99999997 141087.2805828328 708781.1146894256 5.023706685403847 100000000000.0 287321.5150603032 52.0 233.57250792797896 38791.20223597426 36214.6772943728 24.674028015302643 5500.0 260356.0033387926 279993.94335165224 0.03552784190950808 4.51382350774505 20000.0 
1719590314.8113751 4.598942474714559 587961.2573688102 127847.05627467172 2704000.0 481.3737161480453 519347.00963837653 1078.8852656812958 249999999.99999997 143012.39862569913 699240.0726158448 4.8893667915181185 100000000000.0 287912.17860378535 52.0 233.57250792797896 38791.20223597426 36807.10511105572 24.674028015302643 5500.0 260356.0033387926 280185.00455385004 0.03552784190950808 4.51382350774505 20000.0 