1719655937.5933585 3.659242396345519 738950.773717664 201940.91937053777 2704000.0 479.8561356383583 520989.48295705754 1085.7201654074488 249999999.99999997 164434.07260439234 608146.465122149 3.6984212304056516 100000000000.0 288841.66446231224 52.0 233.57250792797896 38791.20223597426 38167.6718811652 24.674028015302643 5500.0 260356.0033387926 168706.05826646622 0.7242772155861464 4.51382350774505 20000.0 
1719656240.9305398 3.779873828436837 715367.7934054842 189257.05615452348 2704000.0 467.0759847733159 535244.817010516 1145.948056546483 249999999.99999997 181865.80705723993 549855.9713785356 3.0234158926063297 100000000000.0 288962.7029094722 52.0 233.57250792797896 38791.20223597426 38309.44880195834 24.674028015302643 5500.0 260356.0033387926 169127.92954784466 0.7242772155861464 4.51382350774505 20000.0 
1719656543.2142575 4.984546568135714 542476.6251128297 108831.68964267957 2704000.0 437.3859254809589 571577.6055781737 1306.8038367939128 249999999.99999997 143012.46438917675 699239.7510742291 4.889362294823499 100000000000.0 289779.4821462937 52.0 233.57250792797896 38791.20223597426 38934.76236580139 24.674028015302643 5500.0 260356.0033387926 170523.17662885998 0.7242772155861464 4.51382350774505 20000.0 
1719656845.5391142 4.076938732494232 663242.7361364145 162681.55585714403 2704000.0 633.419162340019 394683.3548205795 623.0998022897099 249999999.99999997 144903.80992478636 690112.9794441286 4.762559243972522 100000000000.0 290345.56613379496 52.0 233.57250792797896 38791.20223597426 39623.15699738409 24.674028015302643 5500.0 260356.0033387926 171608.1171068878 0.7242772155861464 4.51382350774505 20000.0 
1719657148.3878555 5.492390842190293 492317.4766130956 89636.27876430692 2704000.0 507.4364283877905 492672.5517012868 970.9049727994284 249999999.99999997 121504.20874786035 823016.758271437 6.773565843956249 100000000000.0 291177.23813911324 52.0 233.57250792797896 38791.20223597426 40120.798908530574 24.674028015302643 5500.0 260356.0033387926 172630.08415704386 0.7242772155861464 4.51382350774505 20000.0 
1719657450.6735458 4.738360602897869 570661.5065021218 120434.37685032221 2704000.0 524.7099332000719 476453.72077352117 908.0325921557301 249999999.99999997 119836.3054693014 834471.6537144672 6.963429408529577 100000000000.0 291763.0399420401 52.0 233.57250792797896 38791.20223597426 40655.53205592558 24.674028015302643 5500.0 260356.0033387926 173147.8382555243 0.7242772155861464 4.51382350774505 20000.0 
1719657753.102998 4.420847757231432 611647.391742209 138355.2262666595 2704000.0 422.9995724846459 591017.145789372 1397.2050664680635 249999999.99999997 141157.275961082 708429.6528049372 5.018725729733236 100000000000.0 293048.89470521087 52.0 233.57250792797896 38791.20223597426 41634.08779148709 24.674028015302643 5500.0 260356.0033387926 173657.8723653754 0.9892292616800096 4.51382350774505 10000.0 
1719658055.677547 4.559571333509573 593038.2051767767 130064.46479263788 2704000.0 568.8376738188423 439492.69098448893 772.6153017151499 249999999.99999997 145184.55515234254 688778.4991665934 4.744158209141848 100000000000.0 293602.4835754038 52.0 233.57250792797896 38791.20223597426 42246.624113147234 24.674028015302643 5500.0 260356.0033387926 174152.38156091011 0.9892292616800096 4.51382350774505 10000.0 
1719658358.1816592 4.1948037355477 644607.0353865909 153667.98449330233 2704000.0 469.3760308892167 532621.999309133 1134.7447765922325 249999999.99999997 142765.43569740973 700449.6537379626 4.9062971742163155 100000000000.0 294040.8853874206 52.0 233.57250792797896 38791.20223597426 42537.11013967117 24.674028015302643 5500.0 260356.0033387926 174699.89139925668 0.9892292616800096 4.51382350774505 10000.0 
1719658661.0887485 3.654341246073318 739941.8439384982 202482.96316978728 2704000.0 447.35095714250883 558845.3450438457 1249.2324787087 249999999.99999997 156097.90834685447 640623.5743902273 4.10398564064511 100000000000.0 294354.6810703958 52.0 233.57250792797896 38791.20223597426 43017.30045130895 24.674028015302643 5500.0 260356.0033387926 175241.41600445038 0.9892292616800096 4.51382350774505 10000.0 
1719658963.8251538 4.143575266771121 652576.5373889516 157491.1749817137 2704000.0 536.0142608813632 466405.5012061197 870.136366221327 249999999.99999997 147872.6735862879 676257.4691776785 4.573241646185987 100000000000.0 294897.57856854814 52.0 233.57250792797896 38791.20223597426 43421.886368259475 24.674028015302643 5500.0 260356.0033387926 175924.7175529477 0.9892292616800096 4.51382350774505 10000.0 
1719659267.5896916 4.599745662192225 587858.5901445867 127802.41198475636 2704000.0 506.6185238847438 493467.941288454 974.0424363178603 249999999.99999997 154286.36375507788 648145.4197646732 4.200924851619244 100000000000.0 295547.1683373865 52.0 233.57250792797896 38791.20223597426 43901.832576552566 24.674028015302643 5500.0 260356.0033387926 176411.44074630173 0.9892292616800096 4.51382350774505 10000.0 
1719659569.888866 3.852757280691214 701835.0243737343 182164.34964411246 2704000.0 633.3910795941521 394700.8539498038 623.1550564348175 249999999.99999997 140147.77305095934 713532.565113531 5.091287214774953 100000000000.0 296088.5080334669 52.0 233.57250792797896 38791.20223597426 44348.94644122098 24.674028015302643 5500.0 260356.0033387926 176825.1662699344 0.9892292616800096 4.51382350774505 10000.0 
1719659873.1082423 3.845882654123735 703089.574795176 182816.17980238958 2704000.0 655.2412857405526 381538.8398755283 582.2875453342559 249999999.99999997 153190.8846071389 652780.354761003 4.26122191561901 100000000000.0 296248.26162543555 52.0 233.57250792797896 38791.20223597426 44479.709764060484 24.674028015302643 5500.0 260356.0033387926 177368.10887122314 0.9892292616800096 4.51382350774505 10000.0 
1719660175.1958566 4.572589038973882 591349.8844861848 129324.9577965326 2704000.0 632.6549696789343 395160.098286863 624.606013112333 249999999.99999997 134614.3894713205 742862.6344682485 5.518448936891065 100000000000.0 297134.4043416871 52.0 233.57250792797896 38791.20223597426 44607.307483481156 24.674028015302643 5500.0 260356.0033387926 178318.41146822364 0.9892292616800096 4.51382350774505 10000.0 
1719660477.9945886 5.274054912505296 512698.49193047907 97211.4436493297 2704000.0 659.9228817652921 378832.14373662963 574.0551725123617 249999999.99999997 130920.41012944636 763822.843979223 5.834253369845086 100000000000.0 297564.5440542479 52.0 233.57250792797896 38791.20223597426 44784.93479451919 24.674028015302643 5500.0 260356.0033387926 178662.0567655906 0.9892292616800096 4.51382350774505 10000.0 
1719660780.9102159 5.165284799890614 523494.8516405645 101348.69071530201 2704000.0 756.7099037774727 330377.5974808941 436.59742766899075 249999999.99999997 163550.62784757433 611431.4650824688 3.7384843649289428 100000000000.0 298094.45068196475 52.0 233.57250792797896 38791.20223597426 45355.63049347297 24.674028015302643 5500.0 260356.0033387926 179364.22493437227 0.9892292616800096 4.51382350774505 10000.0 
1719661083.0966306 4.91395612254172 550269.4636600396 111980.9477206759 2704000.0 582.8571051515727 428921.5963747877 735.894943346785 249999999.99999997 177625.95753764026 562980.7793087295 3.1694735787106434 100000000000.0 298362.7477024884 52.0 233.57250792797896 38791.20223597426 45822.68566218207 24.674028015302643 5500.0 260356.0033387926 179970.5353535716 0.9892292616800096 4.51382350774505 10000.0 
1719661385.502224 5.035059528994385 537034.3656175303 106658.99033070385 2704000.0 601.2565652510997 415795.8755853149 691.5448406150344 249999999.99999997 178531.85210313008 560124.1393173604 3.137390514460137 100000000000.0 298892.54913618305 52.0 233.57250792797896 38791.20223597426 46241.486494942445 24.674028015302643 5500.0 260356.0033387926 180107.18682627 0.9892292616800096 4.51382350774505 10000.0 
1719661689.0115063 5.214027671394696 518601.0068252494 99462.64951189436 2704000.0 458.57632044359144 545165.5239375841 1188.8217939605624 249999999.99999997 140444.18879713007 712026.6125389409 5.06981896963679 100000000000.0 333169.50462153746 52.0 213.57250792797896 38791.20223597426 47760.896264019844 24.674028015302643 5500.0 260356.0033387926 180644.40831404921 0.9892292616800096 4.51382350774505 10000.0 
1719661991.464754 5.09336369483395 530886.8877246265 104231.09746965244 2704000.0 577.681411424353 432764.4875807768 749.1404068442092 249999999.99999997 143865.22486071158 695095.0106032831 4.831570737655781 100000000000.0 333424.07824936014 52.0 213.57250792797896 38791.20223597426 48958.799792432954 24.674028015302643 5500.0 260356.0033387926 181975.49563070532 0.9892292616800096 4.51382350774505 10000.0 
1719662293.9421449 5.454946416196609 495696.8948350054 90871.08415276125 2704000.0 525.8478945411612 475422.6509134212 904.1067880061789 249999999.99999997 149207.64246132004 670206.9568984951 4.491773650751414 100000000000.0 333790.3008904949 52.0 213.57250792797896 38791.20223597426 49155.01721768514 24.674028015302643 5500.0 260356.0033387926 182241.65116511294 0.9892292616800096 4.51382350774505 10000.0 
1719662597.0144863 6.347433916994555 425998.92103804945 67113.56535709402 2704000.0 442.62437868532703 564812.9927740184 1276.0548672253735 249999999.99999997 152119.761045049 657376.7886105594 4.321442422039322 100000000000.0 334077.14585511707 52.0 213.57250792797896 38791.20223597426 50285.293534276185 24.674028015302643 5500.0 260356.0033387926 183399.80222059856 0.9892292616800096 4.51382350774505 10000.0 
1719662899.3908598 6.699994819361836 403582.4016140884 60236.22592181781 2704000.0 450.6950893079621 554698.7440752295 1230.7627867145482 249999999.99999997 163553.74627004282 611419.8071311095 3.738341805522431 100000000000.0 334237.89348282083 52.0 213.57250792797896 38791.20223597426 51510.16390762964 24.674028015302643 5500.0 260356.0033387926 184364.03795063196 0.9892292616800096 4.51382350774505 10000.0 
1719663202.2713747 5.792143191823328 466839.2873672722 80598.71310265627 2704000.0 435.73990835373246 573736.7526066735 1316.6954451666054 249999999.99999997 145175.71794842667 688820.4268121807 4.744735803937147 100000000000.0 334736.5180990234 52.0 213.57250792797896 38791.20223597426 51574.47319356631 24.674028015302643 5500.0 260356.0033387926 185016.0658254626 0.9892292616800096 4.51382350774505 10000.0 
1719663504.4714372 4.515071396560931 598883.1100344505 132640.89477978394 2704000.0 551.4860527638996 453320.6211599864 821.9983422755037 249999999.99999997 131549.3146848485 760171.1969353021 5.7786024865005 100000000000.0 335247.59963575256 52.0 213.57250792797896 38791.20223597426 52128.32918351832 24.674028015302643 5500.0 260356.0033387926 186345.2629257626 0.9892292616800096 4.51382350774505 10000.0 
1719663807.5474854 3.768624244741065 717503.2118878135 193799.79810177116 2704000.0 743.5197946091557 336238.5262808193 452.22538622198886 249999999.99999997 125088.037293351 799436.9578721935 6.390994496119472 100000000000.0 325977.1354293057 52.0 237.42911601718376 38791.20223597426 52718.65019655405 24.674028015302643 5500.0 260356.0033387926 186855.803533678 0.9892292616800096 4.51382350774505 10000.0 
1719664110.5530753 4.8147369238290585 561609.0853515556 116643.77394578804 2704000.0 647.946659695313 385834.22919034516 595.4722096596313 249999999.99999997 137006.52920349388 729892.221789455 5.327426554287469 100000000000.0 326958.6582319206 52.0 237.42911601718376 38791.20223597426 53024.265863317574 24.674028015302643 5500.0 260356.0033387926 187244.36256590582 0.9892292616800096 4.51382350774505 10000.0 
1719664413.5836446 4.972349904390232 543807.264571739 109366.25037019132 2704000.0 546.2945780382515 457628.55801672436 837.6955884498659 249999999.99999997 137467.1818417115 727446.3523602774 5.291781955622729 100000000000.0 327172.51639402134 52.0 237.42911601718376 38791.20223597426 53586.886701359916 24.674028015302643 5500.0 260356.0033387926 188002.92556055225 0.9892292616800096 4.51382350774505 10000.0 
1719664715.9853706 6.046358499582885 447211.3256576729 73963.74622651373 2704000.0 472.51681441179363 529081.7011691091 1119.709786047994 249999999.99999997 123566.05698745517 809283.7340447978 6.54940162189491 100000000000.0 327575.1407371652 52.0 237.42911601718376 38791.20223597426 53954.51651457765 24.674028015302643 5500.0 260356.0033387926 188376.9108854401 0.9892292616800096 4.51382350774505 10000.0 
1719665019.8411682 5.108128542924163 529352.3796979642 103629.41638013966 2704000.0 534.8483380687633 467422.22459305555 873.9341441740834 249999999.99999997 108576.77534811448 921007.2750768665 8.482544007445147 100000000000.0 328152.6384517648 52.0 237.42911601718376 38791.20223597426 54141.08400162165 24.674028015302643 5500.0 260356.0033387926 189316.3875325506 0.9892292616800096 4.51382350774505 10000.0 
1719665322.1471817 5.3830988076967605 502312.90500070655 93312.9639534944 2704000.0 730.2211364076621 342362.0428598933 468.84707356479765 249999999.99999997 110436.93734048944 905494.1436096585 8.199196441113887 100000000000.0 328507.7896182368 52.0 237.42911601718376 38791.20223597426 54891.97773075419 24.674028015302643 5500.0 260356.0033387926 189731.40153290928 0.9892292616800096 4.51382350774505 10000.0 
1719665624.9666345 5.787495508345281 467214.1854971578 80728.21565450169 2704000.0 732.5094893429022 341292.5069738858 465.9223012660797 249999999.99999997 119045.83410872909 840012.5947176464 7.056211592842727 100000000000.0 328669.32478001324 52.0 237.42911601718376 38791.20223597426 55093.1357467737 24.674028015302643 5500.0 260356.0033387926 190118.99919349176 0.9892292616800096 5.508179202538932 10000.0 
1719665927.3688397 5.077234480855058 532573.3940782304 104894.38612426263 2704000.0 742.2394529052492 336818.52806592034 453.7868833939727 249999999.99999997 115294.6606253328 867342.854019623 7.522836264189051 100000000000.0 329397.9690557317 52.0 237.42911601718376 38791.20223597426 55320.021396329284 24.674028015302643 5500.0 260356.0033387926 190455.5193677998 0.9892292616800096 5.508179202538932 10000.0 
1719666230.6319332 5.018868469121866 538766.8588320486 107348.27225434638 2704000.0 634.3955960577007 394075.8756106837 621.1831829533081 249999999.99999997 135429.56547227292 738391.2046921056 5.45221571166659 100000000000.0 330290.6130785646 52.0 237.42911601718376 38791.20223597426 55763.05144035376 24.674028015302643 5500.0 260356.0033387926 191263.52639068 0.9892292616800096 5.508179202538932 10000.0 
1719666533.202359 4.987727339089457 542130.6771940812 108692.92572297082 2704000.0 571.4553327288824 437479.5118389566 765.5532931154072 249999999.99999997 138053.43553348025 724357.1999028472 5.246933530510934 100000000000.0 330498.657561047 52.0 237.42911601718376 38791.20223597426 56009.186981913044 24.674028015302643 5500.0 260356.0033387926 191634.67086050133 0.9892292616800096 5.508179202538932 10000.0 
1719666835.9491389 5.068748270671922 533465.040204404 105245.91313620062 2704000.0 568.1567916027449 440019.3814365243 774.4682241591256 249999999.99999997 142842.41550445455 700072.1714684354 4.9010104526453055 100000000000.0 330767.7114594553 52.0 237.42911601718376 38791.20223597426 56266.275263411175 24.674028015302643 5500.0 260356.0033387926 191977.49028012747 0.9892292616800096 5.508179202538932 10000.0 
1719667138.9299269 4.893808655906328 552534.884406759 112904.88109703794 2704000.0 510.9135386532091 489319.58362076525 957.7346196591961 249999999.99999997 147362.51052965556 678598.6452088556 4.6049612127929445 100000000000.0 331168.9055706285 52.0 237.42911601718376 38791.20223597426 56563.074700972466 24.674028015302643 5500.0 260356.0033387926 192287.26479823055 0.9892292616800096 5.508179202538932 10000.0 
1719667441.7702186 5.595677787223954 483230.1113144453 86357.74426071421 2704000.0 466.0433778827134 536430.7527247305 1151.0318098752841 249999999.99999997 148483.361850007 673476.1306187067 4.535700985131452 100000000000.0 331555.1894236902 52.0 237.42911601718376 38791.20223597426 56891.81835346831 24.674028015302643 5500.0 260356.0033387926 192486.04875216488 0.9892292616800096 5.508179202538932 10000.0 
1719667744.1784868 6.008969753594419 449993.9442002572 74887.03765418053 2704000.0 431.43893824301387 579456.274897432 1343.078298072033 249999999.99999997 117555.46266753122 850662.297870569 7.236263450184368 100000000000.0 332034.3045928986 52.0 237.42911601718376 38791.20223597426 57559.32512355473 24.674028015302643 5500.0 260356.0033387926 193497.52724880402 0.9892292616800096 5.508179202538932 10000.0 
1719668046.900218 5.373444245967397 503215.4194266122 93648.57927096939 2704000.0 464.9480168749387 537694.5183685874 1156.4615803345087 249999999.99999997 111566.36649824555 896327.4787798397 8.034029492158242 100000000000.0 332460.05435084616 52.0 237.42911601718376 38791.20223597426 58297.15580000901 24.674028015302643 5500.0 260356.0033387926 193848.02837478288 0.9892292616800096 5.508179202538932 10000.0 
1719668349.2704344 4.885647720769658 553457.8329307024 113282.38640249599 2704000.0 742.1504976891925 336858.8996145877 453.89567299820357 249999999.99999997 117612.61544122236 850248.9263150144 7.229232366998349 100000000000.0 571280.6190814684 52.0 0.0 38791.20223597426 59509.87026317708 24.674028015302643 5500.0 260356.0033387926 194249.17922620574 0.9892292616800096 5.508179202538932 10000.0 
1719668652.2960393 5.430977787735178 497884.5625379771 91674.93994587012 2704000.0 747.754631563988 334334.2714937187 447.11762038094247 249999999.99999997 175501.74898518014 569794.8913799388 3.2466621824267623 100000000000.0 571847.817352893 52.0 0.0 38791.20223597426 450226.2372198772 24.674028015302643 5500.0 160356.0033387926 195936.92644027123 0.9892292616800096 5.508179202538932 10000.0 
1719668954.6834264 5.6512267808328325 478480.17870581825 84668.3733041242 2704000.0 667.239715869934 374677.93666037236 561.534224880296 249999999.99999997 201139.7605600144 497166.74476284283 2.471747720980817 100000000000.0 571957.0042149823 52.0 0.0 38791.20223597426 450639.92487768043 24.674028015302643 5500.0 160356.0033387926 196370.1061131546 0.9892292616800096 5.508179202538932 10000.0 
1719669256.9402366 5.783566956754146 467531.545881426 80837.92396238015 2704000.0 775.1177010142528 322531.66154362285 416.10669079236027 249999999.99999997 216512.15226428164 461867.83953787875 2.1332190119938774 100000000000.0 572264.4913150435 52.0 0.0 38791.20223597426 451285.38516561186 24.674028015302643 5500.0 160356.0033387926 196566.07166170844 0.9892292616800096 5.508179202538932 10000.0 
1719669559.88694 5.948659023172778 454556.22678433405 76413.22607559575 2704000.0 870.2569015068414 287271.493701604 330.0996443742029 249999999.99999997 199426.9446667644 501436.7550337622 2.5143881929878926 100000000000.0 572565.2654473763 52.0 0.0 38791.20223597426 451617.5316007466 24.674028015302643 5500.0 160356.0033387926 196714.07855861244 0.9892292616800096 5.508179202538932 10000.0 
1719669862.3412132 7.062755902822234 382853.3843169489 54207.3646016795 2704000.0 782.3034691018054 319569.08012568986 408.4975878895184 249999999.99999997 158277.40338036232 631802.1262939617 3.991739267895711 100000000000.0 573003.0608617093 52.0 0.0 38791.20223597426 451889.89461474016 24.674028015302643 5500.0 160356.0033387926 197405.27924383973 0.9892292616800096 5.508179202538932 10000.0 
1719670165.1854923 6.709905579924973 402986.2965717373 60058.41539371457 2704000.0 714.0174210329953 350131.5130915374 490.3683058390778 249999999.99999997 158943.0393689453 629156.2083941014 3.958375345608419 100000000000.0 573182.6171730878 52.0 0.0 38791.20223597426 452386.78457566357 24.674028015302643 5500.0 160356.0033387926 198160.10327291925 0.9892292616800096 5.508179202538932 10000.0 
1719670467.9902956 6.798092219209832 397758.6523994368 58510.33489593788 2704000.0 633.7343701458981 394487.0465877448 622.4801197020861 249999999.99999997 248266.00296755516 402793.77282707766 1.6224282342827145 100000000000.0 573673.0278623534 52.0 0.0 38791.20223597426 723535.6126727129 24.674028015302643 5500.0 60356.003338792594 199352.7477482638 0.9892292616800096 5.508179202538932 10000.0 
1719670772.0201802 7.155153724141944 377909.42085234757 52816.39436721775 2704000.0 488.6392532421087 511624.88142583 1047.0400771759787 249999999.99999997 227541.65050916368 439479.979934367 1.9314265276311162 100000000000.0 574009.085716719 52.0 0.0 38791.20223597426 724246.0378280315 24.674028015302643 5500.0 60356.003338792594 199642.21742539137 0.9892292616800096 5.508179202538932 10000.0 
1719671074.5833218 7.1586483771776 377724.935983808 52764.83996448664 2704000.0 515.7791092725412 484703.61731517577 939.7503865536654 249999999.99999997 215197.42031491915 464689.58528248314 2.1593641067000617 100000000000.0 574429.9620188647 52.0 0.0 38791.20223597426 724615.2521272883 24.674028015302643 5500.0 60356.003338792594 200235.210605461 0.9892292616800096 5.508179202538932 10000.0 
1719671377.229755 6.684377017083636 404525.3571259125 60518.034229973026 2704000.0 566.6716033491472 441172.6271838009 778.533147905028 249999999.99999997 187687.5850087836 532800.2914807609 2.8387615060198383 100000000000.0 574611.2003430732 52.0 0.0 38791.20223597426 724824.4406845168 24.674028015302643 5500.0 60356.003338792594 200464.60818489225 0.9892292616800096 5.508179202538932 10000.0 
1719671680.7004273 6.863856444436591 393947.6330673687 57394.50355006738 2704000.0 555.9266004107104 449699.6542624578 808.9191161750964 249999999.99999997 186970.92922683115 534842.5041985059 2.8605650429732883 100000000000.0 574874.174898311 52.0 0.0 38791.20223597426 725054.9329797733 24.674028015302643 5500.0 60356.003338792594 200902.2461970476 0.9892292616800096 5.508179202538932 10000.0 
1719671983.3270419 13.777685018627029 196259.38583617425 14244.728745855147 2704000.0 599.3098360917661 417146.49909687135 696.0448068351044 249999999.99999997 195633.74793266464 511159.2506749863 2.6128377955061346 100000000000.0 575961.8887092596 52.0 0.0 38791.20223597426 990065.6787550009 14.67402801530264 5500.0 60356.003338792594 201100.4254002415 0.9892292616800096 5.508179202538932 10000.0 
1719672285.6095474 7.203412062452279 375377.6649949787 52111.09148560741 2704000.0 669.2740678356356 373539.05076357524 558.1256897814114 249999999.99999997 246290.99366153116 406023.7790807179 1.6485530917898756 100000000000.0 475988.8447409476 54.213173766324985 0.0 43148.46077053107 990712.6099797481 14.67402801530264 5500.0 60356.003338792594 202017.22556647906 0.9892292616800096 5.508179202538932 10000.0 
1719672588.283344 7.413083718369027 364760.4833194727 49204.95939033111 2704000.0 588.5906913213678 424743.3805634231 721.6277573297792 249999999.99999997 239447.48824027608 417628.10182270093 1.7441323143203225 100000000000.0 476203.36604534794 54.213173766324985 0.0 43148.46077053107 990957.7444852098 14.67402801530264 5500.0 60356.003338792594 202181.63965741967 0.9892292616800096 5.508179202538932 10000.0 
1719672891.4502115 7.9857612786207115 338602.65861428686 42400.7989721388 2704000.0 639.8972681507008 390687.7126112734 610.5475551417159 249999999.99999997 205679.48408696652 486193.3626677003 2.3638398590212595 100000000000.0 376380.4769450984 54.213173766324985 0.0 93763.79236274946 991555.4113372434 14.67402801530264 5500.0 60356.003338792594 202865.49713643608 0.9892292616800096 5.508179202538932 10000.0 
1719673194.3005195 15.307218324057798 176648.685787033 11540.221224218163 2704000.0 799.3821838135468 312741.520967287 391.2290357477281 249999999.99999997 161546.19381772797 619017.9888288155 3.8318327049367156 100000000000.0 377927.0879556741 54.213173766324985 0.0 93763.79236274946 1283585.445528108 4.674028015302643 5500.0 60356.003338792594 203427.66599503125 0.9892292616800096 5.508179202538932 10000.0 
1719673497.530225 13.256895025726488 203969.3302807773 15385.90521271776 2704000.0 858.8999590203978 291069.9871090142 338.88694958256673 249999999.99999997 168513.56672776173 593424.030728355 3.5215208024588773 100000000000.0 378175.390256787 54.213173766324985 0.0 93763.79236274946 1283917.8292185336 4.674028015302643 5500.0 60356.003338792594 203517.57141710413 0.9892292616800096 5.508179202538932 10000.0 
1719673800.6151748 8.338317500152677 324286.0445108368 38891.0645948537 2704000.0 967.3099907363351 258448.69007265725 267.1829016010897 249999999.99999997 162645.8020268331 614832.9606656688 3.7801956952091182 100000000000.0 278540.7528371647 54.213173766324985 219.1388868184011 93763.79236274946 1284695.1440301153 4.674028015302643 5500.0 60356.003338792594 203688.13408949482 0.9892292616800096 5.508179202538932 10000.0 
1719674103.2471213 7.790213279709739 347102.178452905 44556.18427764508 2704000.0 830.6383147823841 300973.35452855506 362.33984054468516 249999999.99999997 179660.19763642375 556606.3118909 3.098105864367898 100000000000.0 278665.09702794225 54.213173766324985 219.1388868184011 93763.79236274946 1285020.564103577 4.674028015302643 5500.0 60356.003338792594 203922.5338931105 0.9892292616800096 5.508179202538932 10000.0 
1719674406.7902153 8.024030669093902 336987.7448767707 41997.31516166107 2704000.0 939.0726094563215 266220.0957439682 283.49255751171046 249999999.99999997 153585.07909286057 651104.9158592939 4.239376114561383 100000000000.0 278755.53833637235 54.213173766324985 219.1388868184011 93763.79236274946 1285158.9560466397 4.674028015302643 5500.0 60356.003338792594 204339.09876018658 0.9892292616800096 5.508179202538932 10000.0 
1719674709.2637317 7.207215815682537 375179.55187580653 52056.10064561058 2704000.0 696.9293240545206 358716.431309816 514.7099123666 249999999.99999997 151298.51295438627 660945.0287865563 4.368483310776617 100000000000.0 278892.3818619637 54.213173766324985 219.1388868184011 93763.79236274946 1285957.430944982 4.674028015302643 5500.0 60356.003338792594 204687.72289390553 0.9892292616800096 5.508179202538932 10000.0 
1719675012.1188366 6.963819704166835 388292.64898717136 55758.572950249494 2704000.0 680.1439400642406 367569.25302662724 540.4286230822108 249999999.99999997 159016.85206549027 628864.1656597222 3.954701388508985 100000000000.0 279268.60421147244 54.213173766324985 219.1388868184011 93763.79236274946 1286337.8377919428 4.674028015302643 5500.0 60356.003338792594 204829.50498238794 0.9892292616800096 5.508179202538932 10000.0 
1719675315.071603 4.874748024871565 554695.3373187413 113789.54040057401 2704000.0 796.9847884458354 313682.27301742346 393.58627362150946 249999999.99999997 357493.0921131804 279725.6847926464 0.7824645873271497 100000000000.0 280257.44598518196 54.66459705462176 219.1388868184011 43763.79236274947 1287080.1443031053 4.674028015302643 5500.0 60356.003338792594 206023.73343019225 0.9892292616800096 5.508179202538932 10000.0 
1719675617.5155458 6.402175309268518 422356.4443924835 65970.77149403145 2704000.0 2560.6535970287023 958342.8472609194 374.25712262406313 2453984059.025402 306319.0927496974 326456.9606234536 1.065741471395031 100000000000.0 466216.038292662 54.67966252211248 219.1388868184011 42871.39314080336 1011203.0184266537 4.674028015302643 3800.0 60356.003338792594 206473.12687129967 0.9892292616800096 5.508179202538932 10000.0 
1719675919.8813262 8.885601671946096 304312.5383998649 34247.82582373123 2704000.0 2465.6060393750695 995286.3595545811 403.6680409035847 2453984059.025402 204718.91084663014 488474.6581859127 2.3860749168984428 100000000000.0 466966.8987583997 54.67966252211248 219.1388868184011 42871.39314080336 1011331.516377924 4.674028015302643 3800.0 60356.003338792594 207100.90428748514 0.9892292616800096 5.508179202538932 10000.0 
1719676222.8513796 8.622573386448874 313595.47536580806 36369.12802141537 2704000.0 2455.433313163765 999409.7766245195 407.01971878715165 2453984059.025402 231658.81387887525 431669.30852147867 1.863383919194115 100000000000.0 467157.71190846706 54.67966252211248 219.1388868184011 42871.39314080336 1011383.6013761585 4.674028015302643 3800.0 60356.003338792594 207437.58621668385 0.9892292616800096 5.508179202538932 10000.0 
1719676525.8098314 9.460193887471648 285829.236923037 30213.887825445865 2704000.0 2482.436089471695 988538.6654798641 398.21313816390824 2453984059.025402 234260.62609922935 426874.97965467523 1.8222224825517934 100000000000.0 467383.22939834505 54.67966252211248 219.1388868184011 42871.39314080336 1011434.1636283379 4.674028015302643 3800.0 60356.003338792594 207624.46613998193 0.9892292616800096 5.508179202538932 10000.0 
1719676828.2318935 9.718903157621563 278220.6959104766 28626.758739981466 2704000.0 2456.6351514213447 998920.8440681928 406.6215707652979 2453984059.025402 231513.8506186805 431939.5998674265 1.865718179336325 100000000000.0 467592.17715163785 54.67966252211248 219.1388868184011 42871.39314080336 1011493.1913105802 4.674028015302643 3800.0 60356.003338792594 207784.74457873582 0.9892292616800096 5.508179202538932 10000.0 
1719730831.525422 10.170744958160702 265860.564897008 26139.733715738246 2704000.0 2456.6351514213447 998920.8440681928 406.6215707652979 2453984059.025402 234131.6887070568 427110.0616590135 1.8242300477036633 100000000000.0 467629.2575446783 54.67966252211248 219.1388868184011 42871.39314080336 1011493.1913105802 4.674028015302643 3800.0 60356.003338792594 207944.36815499555 0.9892292616800096 5.508179202538932 10000.0 
1719731134.1552358 10.39488421504373 260127.9575665408 25024.613279489666 2704000.0 2475.130223211357 991456.5447960476 400.5674269169089 2453984059.025402 217867.218609522 458995.1652121998 2.1067656168817455 100000000000.0 467809.34650080255 54.67966252211248 219.1388868184011 42871.39314080336 1011646.1502154187 4.674028015302643 3800.0 60356.003338792594 208211.51009389036 0.9892292616800096 5.508179202538932 10000.0 
1719731437.2633264 9.261969094554104 291946.5582745153 31521.003287106138 2704000.0 2511.601614226045 977059.4369448206 389.0184778551766 2453984059.025402 201817.99483763575 495495.9545626783 2.4551624098797973 100000000000.0 468128.677426253 54.67966252211248 219.1388868184011 42871.39314080336 1011889.3613931348 4.674028015302643 3800.0 60356.003338792594 208354.15896682927 0.9892292616800096 5.508179202538932 10000.0 
1719731739.6653633 7.793340336713317 346962.90463048825 44520.43535119279 2704000.0 2551.625273120015 961733.7172808208 376.9102490918876 2453984059.025402 195939.30455274874 510362.12580349867 2.604694994546662 100000000000.0 468333.4177729354 54.67966252211248 219.1388868184011 42871.39314080336 1012220.191645908 4.674028015302643 3800.0 60356.003338792594 151862.69712138272 2.496856978686877 5.508179202538932 10000.0 
1719732042.3101776 8.004722403098718 337800.596177233 42200.16374914719 2704000.0 2452.7709889796347 1000494.5712629582 407.90378545661497 2453984059.025402 214444.05193118314 466322.0970665617 2.174562982125558 100000000000.0 468511.6743193134 54.67966252211248 219.1388868184011 42871.39314080336 1012643.3671401748 4.674028015302643 3800.0 60356.003338792594 144748.21732145935 2.496856978686877 25.741892299953253 10000.0 
1719732344.532205 8.35707994898633 323557.99112918397 38716.63225723116 2704000.0 2471.816997380525 992785.4940822797 401.6419885187174 2453984059.025402 220689.9561378522 453124.3820517859 2.053217056098128 100000000000.0 468773.5023926721 54.67966252211248 219.1388868184011 42871.39314080336 1013065.9369568086 4.674028015302643 3800.0 60356.003338792594 144968.57218720275 2.496856978686877 25.741892299953253 10000.0 
1719732646.9110131 8.35814093553122 323516.9185177351 38706.80346420519 2704000.0 2543.8892936849925 964658.3540868805 379.2061063669594 2453984059.025402 227080.14207467274 440373.1611508158 1.9392852106196232 100000000000.0 468961.83856249973 54.67966252211248 219.1388868184011 42871.39314080336 1013397.1261917686 4.674028015302643 3800.0 60356.003338792594 145294.67999918712 2.496856978686877 25.741892299953253 10000.0 
1719732949.2001817 9.446800951418536 286234.46327552455 30299.61833085342 2704000.0 2348.888353623344 1044742.7419187209 444.7817795627125 2453984059.025402 235355.67095055833 424888.84842297767 1.8053053351420412 100000000000.0 469264.9022512974 54.67966252211248 219.1388868184011 42871.39314080336 1013766.768971767 4.674028015302643 3800.0 60356.003338792594 145587.49032541696 2.496856978686877 25.741892299953253 10000.0 
1719733251.5537343 10.79717823116635 250435.8029577422 23194.5604301365 2704000.0 2319.560898448811 1057951.9859411693 456.1001121585843 2453984059.025402 226409.69601003607 441677.197409281 1.9507874671131697 100000000000.0 469594.4205435244 54.67966252211248 219.1388868184011 42871.39314080336 1014174.4094698874 4.674028015302643 3800.0 60356.003338792594 145945.87840339035 2.496856978686877 25.741892299953253 10000.0 
1719733553.9001808 9.638529523650083 280540.7187232439 29106.174135264144 2704000.0 2290.5757958769855 1071339.3826314546 467.71618933538684 2453984059.025402 221869.82414349538 450714.7395372005 2.031437764360865 100000000000.0 469944.00499639165 54.67966252211248 219.1388868184011 42871.39314080336 1014648.7967398057 4.674028015302643 3800.0 60356.003338792594 146134.75311607646 2.496856978686877 25.741892299953253 10000.0 
1719733856.6022227 10.177986763273353 265671.4007289948 26102.549247524465 2704000.0 2487.153688059315 986663.619062562 396.70392054961405 2453984059.025402 143897.64522059675 694938.4046326738 4.82939386233406 100000000000.0 470124.76156833867 54.67966252211248 219.1388868184011 42871.39314080336 1015484.3352999424 4.674028015302643 3800.0 60356.003338792594 147085.07432681398 2.496856978686877 25.741892299953253 10000.0 
1719734159.0462875 9.546320308889237 283250.4999315934 29671.1707512935 2704000.0 2620.270091465376 936538.5908187124 357.4206315101497 2453984059.025402 141893.4747528905 704754.0429477213 4.966782610511586 100000000000.0 470398.3782215644 54.67966252211248 219.1388868184011 42871.39314080336 1015983.3305827096 4.674028015302643 3800.0 60356.003338792594 147234.73305802583 2.496856978686877 25.741892299953253 10000.0 
1719734461.6709201 8.029797615137266 336745.72256996745 41937.01245161593 2704000.0 2497.0014514769 982772.3798774509 393.58102066627595 2453984059.025402 185950.31878938587 537778.0508849983 2.8920523201366777 100000000000.0 470601.75797855423 54.67966252211248 219.1388868184011 42871.39314080336 1016244.6755279461 4.674028015302643 3800.0 60356.003338792594 147856.82565549616 2.496856978686877 25.741892299953253 10000.0 
1719734764.2193437 7.2971068148632945 370557.82087392366 50781.47137974515 2704000.0 2561.862879408038 957890.4783508306 373.9038830103848 2453984059.025402 192047.21160554868 520705.2951406182 2.7113400438747832 100000000000.0 470864.9089494923 54.67966252211248 219.1388868184011 42871.39314080336 1016464.8183932644 4.674028015302643 3800.0 60356.003338792594 366988.67035469663 2.496856978686877 25.741892299953253 10000.0 
1719735066.963936 6.216316052845131 434984.3182060238 69974.61430664179 2704000.0 2759.1394926534044 889401.9550513768 322.3475860570058 2453984059.025402 172017.57009279632 581335.9643788375 3.3795150348027296 100000000000.0 471191.91555922304 54.67966252211248 219.1388868184011 42871.39314080336 1017067.9901362783 4.674028015302643 3800.0 60356.003338792594 367491.3299569248 2.496856978686877 25.741892299953253 10000.0 
1719735369.6781352 5.081180861512832 532159.7624050981 104731.51358100979 2704000.0 2799.123096348851 876697.4422190846 313.2043186534527 2453984059.025402 176077.42275163898 574573.3238807898 3.2631856765148015 101169390050.7722 471723.7174522426 54.67966252211248 219.1388868184011 42871.39314080336 1017428.7568954212 4.674028015302643 3800.0 60356.003338792594 364396.8039916015 2.496856978686877 25.741892299953253 9000.0 
1719735672.103114 6.059989457176962 446205.39674332284 73631.3816874505 2704000.0 2508.858859776436 978127.5855605827 389.8695144802779 2453984059.025402 168715.25861006937 599645.7634255385 3.5541880939851755 101169390050.7722 472178.0184672656 54.67966252211248 219.1388868184011 42871.39314080336 1017858.4493707085 4.674028015302643 3800.0 60356.003338792594 329436.5952104641 2.496856978686877 122.18155982635088 9000.0 
1719735974.0602558 4.521303705328757 598057.5905160046 132275.47395481102 2704000.0 2411.6316488375705 1017561.724323964 421.9391152933486 2453984059.025402 212115.3571833533 476954.5750679476 2.2485622040825 101169390050.7722 472802.43753498164 54.67966252211248 219.1388868184011 42871.39314080336 1018156.9053096448 4.674028015302643 3800.0 60356.003338792594 329858.9847112346 2.496856978686877 122.18155982635088 9000.0 
1719736276.340518 11.443264749661992 236296.2021026272 20649.36950004647 2704000.0 2006.650055257062 1222925.7675479618 609.4364906048846 2453984059.025402 167807.72866910358 602888.7397091581 3.5927352362773544 101169390050.7722 474113.8291783392 54.67966252211248 219.1388868184011 42871.39314080336 1018794.194044882 4.674028015302643 3800.0 60356.003338792594 330408.58909444575 2.496856978686877 122.18155982635088 9000.0 
1719736579.07695 7.937489768124497 340661.85645476583 42918.08448343472 2704000.0 2019.1203831572493 1215372.832395544 601.9318325612142 2453984059.025402 151993.28070877912 665617.5166362382 4.37925619824977 101169390050.7722 474540.12813429325 54.67966252211248 219.1388868184011 42871.39314080336 1019024.8389948246 4.674028015302643 3800.0 60356.003338792594 293251.5146331288 4.055274673570472 122.18155982635088 9000.0 
1719736882.3102715 6.956987620742662 388673.9703169612 55868.14171669751 2704000.0 2196.3387853726504 1117306.708495355 508.71328045403646 2453984059.025402 164324.77676612904 615667.2903609595 3.7466491814389737 101169390050.7722 475086.84585909604 54.67966252211248 219.1388868184011 42871.39314080336 1019407.7319151618 4.674028015302643 3800.0 60356.003338792594 294042.3863974613 4.055274673570472 122.18155982635088 9000.0 
1719737185.364204 6.499296409657644 416045.0346566723 64013.8575674821 2704000.0 2285.1308368923133 1073892.1463082272 469.9477723422951 2453984059.025402 164221.55982783315 616054.2510790686 3.7513603678160687 101169390050.7722 475270.6265917672 54.67966252211248 219.1388868184011 42871.39314080336 1019979.1472028133 4.674028015302643 3800.0 60356.003338792594 294228.03249426 4.055274673570472 122.18155982635088 9000.0 
1719737488.5864525 7.3812831677324215 366331.96946306643 49629.849057207495 2704000.0 2531.779861152315 969272.2881161142 382.84224587952895 2453984059.025402 162645.8049595846 622022.7449205436 3.8244007896490677 101169390050.7722 475628.35046960047 54.67966252211248 219.1388868184011 42871.39314080336 1020716.8059504922 4.674028015302643 3800.0 60356.003338792594 294421.03336868476 4.055274673570472 122.18155982635088 9000.0 
1719737791.1769454 8.434680509642766 320581.2000713851 38007.50955592066 2704000.0 2433.6496858816154 1008355.5054212416 414.3388061441367 2453984059.025402 170117.73294750226 594702.2000463216 3.495827211792463 101169390050.7722 476015.03811478405 54.67966252211248 219.1388868184011 42871.39314080336 1021260.4733516678 4.674028015302643 3800.0 60356.003338792594 294990.1292828357 4.055274673570472 122.18155982635088 9000.0 
1719738093.7763286 8.156471433940796 331515.90389296116 40644.52460575705 2704000.0 2365.4917374685983 1037409.6937880252 438.5598467142381 2453984059.025402 176340.30191557124 573716.7791581213 3.253463745529977 101169390050.7722 476204.6637819885 54.67966252211248 219.1388868184011 42871.39314080336 1021746.2647239295 4.674028015302643 3800.0 60356.003338792594 295419.92654496845 4.055274673570472 122.18155982635088 9000.0 
1719738396.203124 7.401010682581025 365355.50561548554 49365.62332971416 2704000.0 2620.655092471554 936401.003731871 357.3156217397331 2453984059.025402 184005.3208941313 549817.7420042148 2.988053493956058 101169390050.7722 476515.5919818972 54.67966252211248 219.1388868184011 42871.39314080336 1022106.2763843664 4.674028015302643 3800.0 60356.003338792594 295710.35818756965 4.055274673570472 122.18155982635088 9000.0 
1719738698.6709113 7.583294715685311 356573.24439824786 47020.8870638656 2704000.0 2695.2354185907357 910489.6893602426 337.8145311834439 2453984059.025402 185808.6851081843 544481.4917659413 2.930333915494451 101169390050.7722 476793.7311841397 54.67966252211248 219.1388868184011 42871.39314080336 1022357.4518475026 4.674028015302643 3800.0 60356.003338792594 295899.45100730716 4.055274673570472 122.18155982635088 9000.0 
1719739001.443029 6.114155602189734 442252.4017922581 72332.539530703 2704000.0 2496.6628603191334 982905.6610037143 393.6877808476213 2453984059.025402 188529.96216312287 536622.3431543302 2.8463504527202166 101169390050.7722 477359.2949700541 54.67966252211248 219.1388868184011 42871.39314080336 1022748.5485200107 4.674028015302643 3800.0 60356.003338792594 296018.79198352864 4.055274673570472 122.18155982635088 9000.0 
1719739303.9002223 5.79192898434848 466856.55285260145 80604.67490436902 2704000.0 2824.3905613866145 868854.3619196333 307.6254303487955 2453984059.025402 175442.23110527362 576653.5765842249 3.2868572917213164 101169390050.7722 477585.82661790855 54.67966252211248 219.1388868184011 42871.39314080336 1023305.1499039595 4.674028015302643 3800.0 60356.003338792594 296400.1529838922 4.055274673570472 122.18155982635088 9000.0 
1719739606.7459185 5.2172901607203075 518276.7139074898 99338.29592409247 2704000.0 2532.7991627290394 968882.2134563896 382.5341652483961 2453984059.025402 173707.81994786195 582411.2586361282 3.3528211845093536 101169390050.7722 478003.0111202442 54.67966252211248 219.1388868184011 42871.39314080336 1023614.022357232 4.674028015302643 3800.0 60356.003338792594 297246.94419796707 4.055274673570472 122.18155982635088 9000.0 
1719739909.3249366 7.900032425893515 342277.0761215161 43326.034333688665 2704000.0 2109.517824946496 1163291.4545709717 551.448980811753 2453984059.025402 205438.6835778182 492455.40464364504 2.3970919014242402 101169390050.7722 478674.9829285444 54.67966252211248 219.1388868184011 42871.39314080336 1024514.3681065636 4.674028015302643 3800.0 60356.003338792594 296893.06569746725 1.0552746735704726 510.3879378557347 9000.0 
1719740211.530212 8.388393213018238 322350.1725936701 38428.11899821335 2704000.0 1940.5095587747976 1264608.0757132692 651.6886608441752 2453984059.025402 230815.0140329473 438313.73134301807 1.8989827554305099 101169390050.7722 478866.05323691905 54.67966252211248 219.1388868184011 42871.39314080336 1024853.0120455552 4.674028015302643 3800.0 60356.003338792594 297373.876205727 1.0552746735704726 510.3879378557347 9000.0 
1719740513.7494903 8.80765262215421 307005.7501130926 34856.705104475834 2704000.0 2070.2072238384694 1185380.8791543841 572.5904467459605 2453984059.025402 203107.71550787525 498107.07484841696 2.4524281295906922 101169390050.7722 478999.6756335381 54.67966252211248 219.1388868184011 42871.39314080336 1025250.1274177713 4.674028015302643 3800.0 60356.003338792594 297740.8184738442 1.0552746735704726 510.3879378557347 9000.0 
1719740816.5217574 8.85734888043116 305283.2214810956 34466.65877140372 2704000.0 1980.7562751881333 1238912.6768220493 625.4745686489757 2453984059.025402 209112.22839181466 483804.2750001717 2.313610632533958 101169390050.7722 379054.92984227726 54.67966252211248 219.1388868184011 92075.62787264268 1026177.242251848 4.674028015302643 3800.0 60356.003338792594 298800.9451519219 1.0552746735704726 510.3879378557347 9000.0 
1719741119.430181 9.021569835314676 299726.10636069893 33223.27619605955 2704000.0 1979.733473691365 1239552.743657842 626.1210209001522 2453984059.025402 207585.18399534636 487363.2506115669 2.3477747362860564 101169390050.7722 379404.63228883396 54.67966252211248 219.1388868184011 92075.62787264268 1026248.158785698 4.674028015302643 3800.0 60356.003338792594 299009.3591903726 1.0552746735704726 510.3879378557347 9000.0 
1719741422.5277941 9.790708467721222 276180.21810319036 28208.399730593857 2704000.0 1987.4179547716424 1234759.9321690586 621.2885061265005 2453984059.025402 203278.59188385642 497688.3650816291 2.448306830883521 101169390050.7722 379578.30841994134 54.67966252211248 219.1388868184011 92075.62787264268 1026509.6307000063 4.674028015302643 3800.0 60356.003338792594 299170.2341949377 1.0552746735704726 510.3879378557347 9000.0 
1719741725.3592393 8.078709190538271 334706.93599998695 41430.74445506635 2704000.0 2173.4028473994795 1129097.6553019811 519.5068446022187 2453984059.025402 188174.09601033686 537637.1785265 2.8571264054164307 101169390050.7722 379979.98769745015 54.67966252211248 219.1388868184011 92075.62787264268 1026895.3573353654 4.674028015302643 3800.0 60356.003338792594 299723.6281769694 1.0552746735704726 510.3879378557347 9000.0 
1719742027.8702192 10.449264786712751 258774.18700676406 24764.8224338061 2704000.0 2076.942368175991 1181536.9057065055 568.8828557838862 2453984059.025402 188101.6812880874 537844.1561924483 2.8593266817679974 101169390050.7722 380267.78116771916 54.67966252211248 219.1388868184011 92075.62787264268 1027139.524601503 4.674028015302643 3800.0 60356.003338792594 300335.422720173 1.0552746735704726 510.3879378557347 9000.0 
1719742330.3595173 11.018036173520521 245415.78530105777 22274.00431765343 2704000.0 2102.261723443678 1167306.635353458 555.262278876159 2453984059.025402 183906.35375009873 550113.62026266 2.99127033430385 101169390050.7722 380369.71161224646 54.67966252211248 219.1388868184011 92075.62787264268 1027203.714155587 4.674028015302643 3800.0 60356.003338792594 300842.7201029206 1.0552746735704726 510.3879378557347 9000.0 
1719742633.8194401 9.893917743968867 273299.2197805873 27622.952489895626 2704000.0 2250.940504511467 1090203.8743836111 484.3326032822994 2453984059.025402 192010.34508802104 526895.5170326595 2.7440996306273022 101169390050.7722 380497.6077036432 54.67966252211248 219.1388868184011 92075.62787264268 1027569.1983675783 4.674028015302643 3800.0 60356.003338792594 300987.68318779586 1.0552746735704726 510.3879378557347 9000.0 
1719742936.5201807 7.193791408462961 375879.67824851646 52250.56676043205 2704000.0 2356.966101041993 1041162.2203393244 441.73830920989326 2453984059.025402 196599.2820991205 514596.94547493366 2.617491477997802 101169390050.7722 380911.15110300627 54.67966252211248 219.1388868184011 92075.62787264268 1027716.4190155618 4.674028015302643 3800.0 60356.003338792594 301107.8713515155 1.0552746735704726 510.3879378557347 9000.0 
1719743239.070444 8.386841220392443 322409.8237874441 38442.34263115782 2704000.0 2337.8223701616007 1049687.9875675805 449.00245671574334 2453984059.025402 163479.75134317728 618849.6692681962 3.7854820807079936 101169390050.7722 381135.8332644251 54.67966252211248 219.1388868184011 92075.62787264268 1027825.8520501386 4.674028015302643 3800.0 60356.003338792594 301785.9188579114 1.0552746735704726 510.3879378557347 9000.0 
1719743541.4786844 7.712635312563063 350593.5248352105 45457.03389658927 2704000.0 2407.098015632424 1019478.2443791179 423.53000906415826 2453984059.025402 157044.8167355262 644207.1260533744 4.10205914110659 101169390050.7722 381234.1480264839 54.67966252211248 219.1388868184011 92075.62787264268 1027948.000846085 4.674028015302643 3800.0 60356.003338792594 301870.39291132934 1.0552746735704726 510.3879378557347 9000.0 
1719743844.0301826 8.190194435246807 330150.89218922995 40310.50725345583 2704000.0 2366.6277235440207 1036911.7350449043 438.138928539268 2453984059.025402 154331.7282971201 655532.0229162499 4.247551881582099 101169390050.7722 381383.7014318346 54.67966252211248 219.1388868184011 92075.62787264268 1028107.8347131538 4.674028015302643 3800.0 60356.003338792594 301913.59717690735 1.0552746735704726 510.3879378557347 9000.0 
1719744146.5171402 7.4581438018439945 362556.6993400486 48612.189436520115 2704000.0 2255.276866505642 1088107.6711559766 482.4718806440409 2453984059.025402 196221.21493285528 515588.43973823753 2.627587643439402 101169390050.7722 381579.91750507004 54.67966252211248 219.1388868184011 92075.62787264268 1028317.9157387046 4.674028015302643 3800.0 60356.003338792594 302505.51185200625 1.0552746735704726 510.3879378557347 9000.0 
1719744448.9503593 7.789869941172912 347117.47698227444 44560.11199206355 2704000.0 2280.290677744879 1076171.5964441425 471.94491778935634 2453984059.025402 197238.5555928311 512929.07589336124 2.600937725093526 101169390050.7722 381718.5086368549 54.67966252211248 219.1388868184011 92075.62787264268 1028485.7628218243 4.674028015302643 3800.0 60356.003338792594 302825.3884722712 1.0552746735704726 510.3879378557347 9000.0 
1719744751.946083 8.285993709863535 326333.82243353565 39383.78833730857 2704000.0 2151.3259847630584 1140684.4320228286 530.2238898715578 2453984059.025402 178149.84664109195 567889.2907193586 3.187705751234532 101169390050.7722 382054.2640646888 54.67966252211248 219.1388868184011 92075.62787264268 1028750.143431491 4.674028015302643 3800.0 60356.003338792594 303212.62709939346 1.0552746735704726 510.3879378557347 9000.0 
1719745054.7201798 6.487098812351709 416827.3180688215 64254.8125327095 2704000.0 2101.0796508184017 1167963.3649631222 555.887238500541 2453984059.025402 176769.5503887375 572323.6260333782 3.2376821956879436 101169390050.7722 382591.50056337065 54.67966252211248 219.1388868184011 92075.62787264268 1028881.5193142196 4.674028015302643 3800.0 60356.003338792594 303624.0661721848 1.0552746735704726 510.3879378557347 9000.0 
1719745357.3101792 5.767245336727785 468854.68575092615 81296.12291072473 2704000.0 2127.4190558143305 1153502.9040557644 542.207658102521 2453984059.025402 169561.12450906239 596654.394358921 3.5188159791133735 101169390050.7722 382811.71986580227 54.67966252211248 219.1388868184011 92075.62787264268 1028962.4910369737 4.674028015302643 3800.0 60356.003338792594 304011.17029605585 1.0552746735704726 510.3879378557347 9000.0 
1719745660.020216 8.087776302192825 334331.69995897 41337.90147834866 2704000.0 2329.437359940722 1053466.429802538 452.2407204069852 2453984059.025402 158160.63230000684 639662.2761274067 4.044383654929148 101169390050.7722 383818.95569581527 54.67966252211248 219.1388868184011 92075.62787264268 1029532.1419982923 4.674028015302643 3800.0 60356.003338792594 304264.75326215575 1.0552746735704726 510.3879378557347 9000.0 
1719745962.3102155 7.375280027212918 366630.1469263437 49710.67479113623 2704000.0 2285.9221036980143 1073520.4209520123 469.6224859173205 2453984059.025402 144835.3575506053 698513.068643641 4.8228076379732165 101169390050.7722 384442.8102445295 54.67966252211248 219.1388868184011 92075.62787264268 1029849.7930733807 4.674028015302643 3800.0 60356.003338792594 304565.5666592088 1.0552746735704726 510.3879378557347 9000.0 
1719746264.9302096 8.27669673724344 326700.3837210265 39472.31535631136 2704000.0 2286.146822901476 1073414.8981345454 469.5301663837211 2453984059.025402 133661.42186343233 756907.9293061941 5.662875037193302 101169390050.7722 384717.74468250974 54.67966252211248 219.1388868184011 92075.62787264268 1030155.3829238659 4.674028015302643 3800.0 60356.003338792594 304751.7010577988 1.0552746735704726 510.3879378557347 9000.0 
1719746567.4307098 9.943211810517287 271944.3225718961 27349.74651593471 2704000.0 2226.4484844473586 1102196.6491331244 495.04700280846953 2453984059.025402 142293.63108595504 710990.2901392615 4.996641695859003 101169390050.7722 384990.3419494448 54.67966252211248 219.1388868184011 92075.62787264268 1030610.9543806415 4.674028015302643 3800.0 60356.003338792594 305211.6044656139 1.0552746735704726 510.3879378557347 9000.0 
1719746870.247109 9.530084128914138 283733.06714010035 29772.357022458833 2704000.0 2250.9121865623224 1090217.5898621876 484.34478980151096 2453984059.025402 141808.2280132221 713423.9773543975 5.030906791162205 101169390050.7722 385114.95305835636 54.67966252211248 219.1388868184011 92075.62787264268 1030791.4426036683 4.674028015302643 3800.0 60356.003338792594 305219.8234168214 1.0552746735704726 510.3879378557347 9000.0 
1719747172.685986 7.575440259249238 356942.9508335901 47118.443102733254 2704000.0 2229.908575708984 1100486.3991992027 493.511891557846 2453984059.025402 172370.94049996595 586928.3404576667 3.4050306783455917 101169390050.7722 385393.27968924074 54.67966252211248 219.1388868184011 92075.62787264268 1031129.6454893302 4.674028015302643 3800.0 60356.003338792594 305785.724092945 1.0552746735704726 510.3879378557347 9000.0 
1719747475.7236283 6.9671773697808765 388105.52056966553 55704.84286118753 2704000.0 2227.0602992862005 1101893.8552368488 494.7750429523704 2453984059.025402 183823.5107590433 550361.5377218288 2.9939670690069966 101169390050.7722 385544.21782585944 54.67966252211248 219.1388868184011 92075.62787264268 1031327.411648149 4.674028015302643 3800.0 60356.003338792594 305902.69510112895 1.0552746735704726 510.3879378557347 9000.0 
1719747778.6460457 6.479990556658575 417284.55872848135 64395.8590803341 2704000.0 2380.5395584373746 1030852.0395419255 433.0329382211963 2453984059.025402 164355.9055865603 615550.683680727 3.7452300937038054 101169390050.7722 385736.8584262816 54.67966252211248 219.1388868184011 92075.62787264268 1031540.5370952338 4.674028015302643 3800.0 60356.003338792594 306156.11547770724 1.0552746735704726 510.3879378557347 9000.0 
1719748081.0891333 7.866806206500678 343722.71656642173 43692.79063750026 2704000.0 2370.82355695959 1035076.6305749296 436.5894828134493 2453984059.025402 154708.41333294872 653935.9293475855 4.2268931292071805 101169390050.7722 386088.0723168284 54.67966252211248 219.1388868184011 92075.62787264268 1031671.2768916977 4.674028015302643 3800.0 60356.003338792594 306279.6866448643 1.0552746735704726 510.3879378557347 9000.0 
1719748383.6003432 7.6988998876062835 351219.01043977845 45619.376218305166 2704000.0 2445.0338632716557 1003660.5610614201 410.48943171627076 2453984059.025402 152771.6644752949 662226.1425130481 4.334744566589037 101169390050.7722 386207.2651474031 54.67966252211248 219.1388868184011 92075.62787264268 1031947.3846569991 4.674028015302643 3800.0 60356.003338792594 306528.23272575997 1.0552746735704726 510.3879378557347 9000.0 
1719748687.1325138 7.230380313678343 373977.56171754986 51723.08308735349 2704000.0 2457.3746269873513 998620.24783494 406.3768856681045 2453984059.025402 171015.57459683146 591579.9791292615 3.4592169778916855 101169390050.7722 386369.434871462 54.67966252211248 219.1388868184011 92075.62787264268 1032161.8455264505 4.674028015302643 3800.0 60356.003338792594 306803.61444907496 1.0552746735704726 510.3879378557347 9000.0 
1719748989.4503102 9.007353249818792 337943.0191594625 42235.75599061124 2704000.0 2349.8352037414174 1044321.7699344015 444.4234081911906 2453984059.025402 184179.1843232677 549298.7191929447 2.9824147675061172 101169390050.7722 387035.1764993052 54.67966252211248 219.1388868184011 92075.62787264268 1032589.1609975237 4.674028015302643 3800.0 60356.003338792594 306940.16057699634 1.0552746735704726 510.3879378557347 9000.0 
1719749292.3249536 9.861616870042814 274194.38775948517 27804.20202618303 2704000.0 2321.2766151367414 1057170.0257622434 455.4261301167539 2453984059.025402 195946.75957986864 516310.6053281538 2.6349535273519216 101169390050.7722 387393.57699506095 54.67966252211248 219.1388868184011 92075.62787264268 1032673.8086603172 4.674028015302643 3800.0 60356.003338792594 307525.9641895176 1.0552746735704726 510.3879378557347 9000.0 
1719749594.6995463 10.036657467855216 269412.40235209814 26842.841176452963 2704000.0 2178.3502944622956 1126533.260175744 517.1497270386524 2453984059.025402 224099.41362209528 451448.7049099414 2.0145019463158045 101169390050.7722 387434.05629570753 54.67966252211248 219.1388868184011 92075.62787264268 1032899.2924314912 4.674028015302643 3800.0 60356.003338792594 307901.2009543104 1.0552746735704726 510.3879378557347 9000.0 
1719749898.1747546 10.5696340962927 255827.20985094726 24203.979770754657 2704000.0 2240.1716897484557 1095444.6350051656 489.00030297596106 2453984059.025402 220833.74434496684 458124.68719786947 2.0745230243536867 101169390050.7722 387518.6301935576 54.67966252211248 219.1388868184011 92075.62787264268 1033068.524403219 4.674028015302643 3800.0 60356.003338792594 308040.20902672975 1.0552746735704726 510.3879378557347 9000.0 
1719750200.932361 8.435425774599794 320552.8769089652 38000.79396990169 2704000.0 2399.3076558412295 1022788.4085857271 426.28481016000586 2453984059.025402 211241.9866202144 478926.5224657332 2.2671938004767056 101169390050.7722 387830.50119331863 54.67966252211248 219.1388868184011 92075.62787264268 1033479.3125397759 4.674028015302643 3800.0 60356.003338792594 308159.9133766266 1.0552746735704726 510.3879378557347 9000.0 
1719750503.3474634 8.468963107592378 319283.4784669068 37700.42145781353 2704000.0 2594.9670349968947 945670.6100423887 364.4249030098066 2453984059.025402 214626.1536338266 471374.93887803244 2.1962604784980893 101169390050.7722 387885.19946756423 54.67966252211248 219.1388868184011 92075.62787264268 1033877.5739284 4.674028015302643 3800.0 60356.003338792594 308348.12943859043 1.0552746735704726 510.3879378557347 9000.0 
1719750805.7963412 6.3820574084342905 423687.8214894297 66387.3410053472 2704000.0 2637.8724889620084 930289.1134025339 352.6664451353366 2453984059.025402 200717.6957209401 504038.21988584934 2.5111797845000114 101169390050.7722 388208.6944080477 54.67966252211248 219.1388868184011 92075.62787264268 1034035.0972787188 4.674028015302643 3800.0 60356.003338792594 308464.8295918857 1.0552746735704726 510.3879378557347 9000.0 
1719751108.7541769 6.431885634849346 420405.48503368034 65362.7114816583 2704000.0 2610.3251934338546 940106.6446426979 360.14924385953526 2453984059.025402 178756.04740178527 565963.4542230419 3.1661219995032712 101169390050.7722 388335.11149122735 54.67966252211248 219.1388868184011 92075.62787264268 1034231.2144995197 4.674028015302643 3800.0 60356.003338792594 308766.56510604086 1.0552746735704726 510.3879378557347 9000.0 
1719751411.7786062 7.2930122894727285 370765.8636340368 50838.50800158771 2704000.0 2665.64449091767 920596.9015697957 345.35621862046304 2453984059.025402 169286.54126546122 597622.1694560273 3.530240295469712 101169390050.7722 388730.0796539206 54.67966252211248 219.1388868184011 92075.62787264268 1034484.2191200454 4.674028015302643 3800.0 60356.003338792594 308955.33369512606 1.0552746735704726 510.3879378557347 9000.0 
1719751714.0725238 7.388196679490452 365989.173989679 49537.0101618519 2704000.0 2500.8932023623047 981243.0441681424 392.357035974697 2453984059.025402 185001.2235847951 546857.9509389101 2.955969373295839 101169390050.7722 389063.92989803123 54.67966252211248 219.1388868184011 92075.62787264268 1034731.4555912064 4.674028015302643 3800.0 60356.003338792594 309296.04463992396 1.0552746735704726 510.3879378557347 9000.0 
1719752016.470217 9.215758031537854 293410.48134580604 31837.910711382254 2704000.0 2475.302018484276 991387.733981679 400.51182707342696 2453984059.025402 178305.6213466874 567393.1606119369 3.1821383775036995 101169390050.7722 389413.6110522909 54.67966252211248 219.1388868184011 92075.62787264268 1034901.695163247 4.674028015302643 3800.0 60356.003338792594 309480.5705924367 1.0552746735704726 510.3879378557347 9000.0 
1719752319.2997742 6.1696093281951265 438277.34564046306 71038.10343995928 2704000.0 2433.0531212105457 1008602.745921323 414.5420160080602 2453984059.025402 184494.21209863122 548360.7799939368 2.9722383903337914 101169390050.7722 389998.15278492635 54.67966252211248 219.1388868184011 92075.62787264268 1035050.233620166 4.674028015302643 3800.0 60356.003338792594 309582.93777524115 1.0552746735704726 510.3879378557347 9000.0 
1719752622.0015726 6.1190851407295614 441896.12300076766 72216.04420233343 2704000.0 2266.5783378940173 1082682.2166250437 477.6725333177823 2453984059.025402 207056.8721504743 488606.77262259356 2.3597708569049995 101169390050.7722 390333.65262133366 54.67966252211248 219.1388868184011 92075.62787264268 1035321.7821509534 4.674028015302643 3800.0 60356.003338792594 309795.5171948348 1.0552746735704726 510.3879378557347 9000.0 
1719752924.193232 5.129961104048699 527099.5130676394 102749.22214354388 2704000.0 2263.7425538964085 1084038.4896248672 478.870041011949 2453984059.025402 222394.44426094758 454909.700586156 2.045508385328122 101169390050.7722 390727.5867288021 54.67966252211248 219.1388868184011 92075.62787264268 1035653.3211866874 4.674028015302643 3800.0 60356.003338792594 309910.154589298 1.0552746735704726 510.3879378557347 9000.0 
1719753226.5922472 8.378522486013642 322729.9329343349 38518.716572411366 2704000.0 2333.7143173565246 1051535.7603003914 450.5846120409035 2453984059.025402 200103.79975048685 505584.5525018625 2.5266114543166363 101169390050.7722 391584.9353530542 54.67966252211248 219.1388868184011 92075.62787264268 1035806.8378001145 4.674028015302643 3800.0 60356.003338792594 310290.2307455727 1.0552746735704726 510.3879378557347 9000.0 
1719753529.176591 7.492409575755174 360898.5831140256 48168.56038968611 2704000.0 2374.2009046532185 1033604.2136180708 435.3482519496562 2453984059.025402 226215.4427685357 447225.83397760795 1.976990732835206 101169390050.7722 391781.8651527691 54.67966252211248 219.1388868184011 92075.62787264268 1035874.6385008864 4.674028015302643 3800.0 60356.003338792594 310490.9755856617 1.0552746735704726 510.3879378557347 9000.0 
1719753832.0323234 7.481701393375496 361415.11907895654 48306.541530642135 2704000.0 2344.2916830787462 1046791.2660947538 446.52773955159375 2453984059.025402 221897.2180886245 455929.0599594887 2.054685785999323 101169390050.7722 391853.90044749866 54.67966252211248 219.1388868184011 92075.62787264268 1036126.4136887025 4.674028015302643 3800.0 60356.003338792594 310580.74760241446 1.0552746735704726 510.3879378557347 9000.0 
1719754134.9469807 7.2713638383759 371869.71524229954 51141.673489049164 2704000.0 2372.216036323472 1034469.045588553 436.07708140772996 2453984059.025402 215749.69146375748 468920.20732167334 2.173445552298481 101169390050.7722 391994.4657345679 54.67966252211248 219.1388868184011 92075.62787264268 1036181.3622287617 4.674028015302643 3800.0 60356.003338792594 310827.443350151 1.0552746735704726 510.3879378557347 9000.0 
1719754438.0166302 6.796602052658229 397845.8616600092 58535.99468934732 2704000.0 2375.458701883325 1033056.9237342752 434.88734319617555 2453984059.025402 232135.06130497265 435821.23907537886 1.877446847647064 101169390050.7722 392188.6715616552 54.67966252211248 219.1388868184011 92075.62787264268 1036279.7136249661 4.674028015302643 3800.0 60356.003338792594 311075.14730488166 1.0552746735704726 510.3879378557347 9000.0 
1719754740.6491952 7.8912126834553735 342659.6276728387 43422.9365521037 2704000.0 2424.925300123566 1011983.362497952 417.3255821308742 2453984059.025402 256824.77583331958 393923.7938493582 1.533823177967131 101169390050.7722 392415.8152744651 54.67966252211248 219.1388868184011 92075.62787264268 1036372.6386720694 4.674028015302643 3800.0 60356.003338792594 311372.79465698823 1.0552746735704726 510.3879378557347 9000.0 
1719755043.0195942 7.280572047026176 371399.3876490071 51012.390956382194 2704000.0 2493.5578314925583 984129.5950840376 394.66884732124754 2453984059.025402 241838.53196334702 418334.45327937 1.7298089344289134 101169390050.7722 392717.5439878436 54.67966252211248 219.1388868184011 92075.62787264268 1036522.8178407013 4.674028015302643 3800.0 60356.003338792594 311634.0911617455 1.0552746735704726 510.3879378557347 9000.0 
1719755345.8001783 7.766922961276939 348143.0179597717 44823.80212800956 2704000.0 2447.4987592201 1002649.7663301651 409.66303355743537 2453984059.025402 248800.83863296526 406628.0106073871 1.6343514468906226 101169390050.7722 392787.3130969113 54.67966252211248 219.1388868184011 92075.62787264268 1036624.7778722288 4.674028015302643 3800.0 60356.003338792594 311977.6306468693 1.0552746735704726 510.3879378557347 9000.0 
1719755647.9593537 7.502006945372319 360436.8830487403 48045.39447555151 2704000.0 2503.271050395854 980310.9649821349 391.61199296700755 2453984059.025402 234482.97639289233 431457.2921543607 1.8400367429293645 101169390050.7722 392914.1884715072 54.67966252211248 219.1388868184011 92075.62787264268 1036840.6139909461 4.674028015302643 3800.0 60356.003338792594 312135.2743682017 1.0552746735704726 510.3879378557347 9000.0 
1719755950.316592 8.708432199117029 310503.65188284585 35655.51694991995 2704000.0 2458.3713386827103 998215.3714582195 406.04743301030413 2453984059.025402 244806.11953424691 413263.32137142186 1.688124962552698 101169390050.7722 393063.98816500494 54.67966252211248 219.1388868184011 92075.62787264268 1036925.7786984699 4.674028015302643 3800.0 60356.003338792594 312307.6265786559 1.0552746735704726 510.3879378557347 9000.0 
1719756252.6179307 7.162440533781114 377524.9493865655 52708.982030077226 2704000.0 2502.4804745397664 980620.6617762788 391.8594657393383 2453984059.025402 241951.36846462573 418139.35871812847 1.728195882385605 101169390050.7722 393294.44367307815 54.67966252211248 219.1388868184011 92075.62787264268 1037019.2066152198 4.674028015302643 3800.0 60356.003338792594 312349.7578054859 1.0552746735704726 510.3879378557347 9000.0 
1719756555.0931551 8.513761945349556 317603.43046436686 37304.71118444301 2704000.0 2440.607000701113 1005481.0374306254 411.97990382793347 2453984059.025402 177879.8456486307 568751.2808540096 3.1973902314794804 101169390050.7722 393587.4778347776 54.67966252211248 219.1388868184011 92075.62787264268 1037160.0882769226 4.674028015302643 3800.0 60356.003338792594 313049.4426880015 1.0552746735704726 510.3879378557347 9000.0 
1719756857.850219 8.748954958819521 309065.4841323866 35325.98871375241 2704000.0 2402.4175437460426 1021464.4267036747 425.1818878707176 2453984059.025402 178207.77787881985 567704.6830108996 3.185633588882608 101169390050.7722 393692.0887916515 54.67966252211248 219.1388868184011 92075.62787264268 1037266.8802996102 4.674028015302643 3800.0 60356.003338792594 313166.6123443075 1.0552746735704726 510.3879378557347 9000.0 
1719757160.1367788 9.48347402439423 285127.5801509587 30065.731125274167 2704000.0 2378.227733865191 1031854.1088733706 433.8752316189502 2453984059.025402 212359.36162499318 476406.5463213622 2.243397901914264 101169390050.7722 393771.4596710641 54.67966252211248 219.1388868184011 92075.62787264268 1037398.908788178 4.674028015302643 3800.0 60356.003338792594 313557.98084357765 1.0552746735704726 510.3879378557347 9000.0 
1719757462.563348 10.414475248914421 259638.62176175008 24930.552481635037 2704000.0 2271.856504819661 1080166.8388031393 475.455574113772 2453984059.025402 212407.23911298133 476299.1622755348 2.2423866731876636 101169390050.7722 393880.47535970405 54.67966252211248 219.1388868184011 92075.62787264268 1037692.0873013815 4.674028015302643 3800.0 60356.003338792594 313592.7041008656 1.0552746735704726 510.3879378557347 9000.0 
1719757765.070229 10.48826118996818 257812.03871870815 24581.0086199322 2704000.0 2227.1600704882676 1101844.4931474582 494.73071457584865 2453984059.025402 219173.73358701452 461594.50037660095 2.106066693403945 101169390050.7722 393937.38882201916 54.67966252211248 219.1388868184011 92075.62787264268 1037850.0423451584 4.674028015302643 3800.0 60356.003338792594 313799.11908293125 1.0552746735704726 510.3879378557347 9000.0 
1719758067.5219884 8.127218911760504 332709.13818836265 40937.63706880288 2704000.0 2451.02211147748 1001208.4540298728 408.4860962051227 2453984059.025402 214317.39764179083 472054.02437680913 2.202593114562721 101169390050.7722 439567.3650897914 54.67966252211248 19.138886818401108 116009.25467828766 1038213.1602816384 4.674028015302643 3800.0 60356.003338792594 314117.39854213654 1.0552746735704726 510.3879378557347 9000.0 
1719758370.208436 8.081590417500168 334587.6071799755 41401.20816509674 2704000.0 2426.6877290045627 1011248.3900151572 416.71962071113916 2453984059.025402 210453.00024343142 480722.013626555 2.284225043456272 101169390050.7722 439748.1579783961 54.67966252211248 19.138886818401108 116009.25467828766 1038441.4270951982 4.674028015302643 3800.0 60356.003338792594 314216.32641152845 1.0552746735704726 510.3879378557347 9000.0 
1719758672.322409 4.944411387360907 546880.060771656 110605.69558787356 2704000.0 2575.6730516517528 952754.4877839551 369.9050573103459 2453984059.025402 231870.11771537748 436319.2249505755 1.8817397828130706 101169390050.7722 440459.14719213266 54.67966252211248 19.138886818401108 116009.25467828766 1038773.333885353 4.674028015302643 3800.0 60356.003338792594 175239.91710006868 2.9747631267090355 510.3879378557347 9000.0 
1719758974.5326521 5.05024547169195 535419.518745511 106018.51370328202 2704000.0 2473.5128923905436 992104.8184445612 401.0914281048014 2453984059.025402 221354.23895847838 457047.4481392225 2.064778385495276 101169390050.7722 440527.20453037735 54.67966252211248 19.138886818401108 116009.25467828766 1039121.7727827828 4.674028015302643 3800.0 60356.003338792594 175447.32099279432 2.9747631267090355 510.3879378557347 9000.0 
1719759276.944075 4.6372985582948845 583098.1046418218 125740.90223257584 2704000.0 2459.8839587842303 997601.553627048 405.54821704683224 2453984059.025402 215662.10340669658 469110.6525098965 2.17521133801262 101169390050.7722 440800.0952254921 54.67966252211248 19.138886818401108 116009.25467828766 1039430.3989655734 4.674028015302643 3800.0 60356.003338792594 175535.84108425936 2.9747631267090355 510.3879378557347 9000.0 
1719759579.2461686 4.600631350254326 587745.4188652871 127753.20909657238 2704000.0 2439.1400200905523 1006085.7674477822 412.4756099120671 2453984059.025402 220438.8010953678 458945.4739730852 2.0819632101634094 101169390050.7722 440968.6327656265 54.67966252211248 19.138886818401108 116009.25467828766 1039662.1829938184 4.674028015302643 3800.0 60356.003338792594 175623.41770238776 2.9747631267090355 510.3879378557347 9000.0 
1719759881.280662 4.738401497956671 570656.5813737056 120432.29802704316 2704000.0 2203.552321597092 1113649.0996713897 505.3880902924232 2453984059.025402 197476.9764591029 512309.79866518354 2.5942760915791205 101169390050.7722 441147.53207573225 54.67966252211248 19.138886818401108 116009.25467828766 1040195.809951397 4.674028015302643 3800.0 60356.003338792594 175798.7398016918 2.9747631267090355 510.3879378557347 9000.0 
1719760183.907303 5.573774168919776 485129.0917163312 87037.80903458304 2704000.0 1934.5716453178018 1268489.624028514 655.6953458397933 2453984059.025402 220107.89784949398 459635.4380702419 2.0882278308092914 101169390050.7722 441526.50293979177 54.67966252211248 19.138886818401108 116009.25467828766 1040744.9006203834 4.674028015302643 3800.0 60356.003338792594 176167.51645746102 2.9747631267090355 510.3879378557347 9000.0 
1719760486.2399511 5.983093326649683 451940.1340366761 75536.19998265116 2704000.0 1911.9192490454402 1283518.673840748 671.3247301012151 2453984059.025402 203077.57640813023 498180.9997941353 2.4531561219389784 101169390050.7722 442007.35880317306 54.67966252211248 19.138886818401108 116009.25467828766 1040959.8003950062 4.674028015302643 3800.0 60356.003338792594 176350.68639745173 2.9747631267090355 510.3879378557347 9000.0 
1719760788.5943675 5.68013787549437 476044.7825863132 83808.6668001665 2704000.0 1886.1182634044264 1301076.4524362236 689.8170054765242 2453984059.025402 197447.8391881149 512385.3999454757 2.5950418199173586 101169390050.7722 442219.6268577302 54.67966252211248 19.138886818401108 116009.25467828766 1041231.7157660447 4.674028015302643 3800.0 60356.003338792594 176438.92494470938 2.9747631267090355 510.3879378557347 9000.0 
1719761091.7729533 5.630382794709426 480251.5385882477 85296.42763179702 2704000.0 1883.133135328874 1303138.908761665 692.0057240318711 2453984059.025402 215998.2385257104 468380.6254222298 2.1684465050231334 101169390050.7722 442341.68472162186 54.67966252211248 19.138886818401108 116009.25467828766 1041600.0604061774 4.674028015302643 3800.0 60356.003338792594 176578.43652663266 2.9747631267090355 510.3879378557347 9000.0 
1719761394.0196104 5.275970569421404 512512.33577228565 97140.8632835666 2704000.0 3290.508683294009 2265738.130928639 688.5677410401149 7455430993.891024 207787.89396560087 486887.7975514816 2.3431961711498235 101169390050.7722 442438.4671131739 54.67966252211248 19.138886818401108 116009.25467828766 73937.95944979586 4.674028015302643 2400.0 60356.003338792594 176827.36231310593 2.9747631267090355 510.3879378557347 9000.0 
1719761696.5813456 5.579139936935537 484662.5161879754 86870.47137487409 2704000.0 3418.1482313116608 2181131.5628726026 638.1032697448663 7455430993.891024 172149.35221130316 587683.826579799 3.4138021376836307 101169390050.7722 442714.06994650414 54.67966252211248 19.138886818401108 116009.25267828767 74193.57134772134 4.674028015302643 2400.0 60356.003338792594 177158.3071883917 2.9747631267090355 510.3879378557347 9000.0 
1719761998.8496442 5.086510824344525 531602.1322629254 104512.14017251806 2704000.0 3338.2202371611243 2233355.0407780292 669.0256729967313 7455430993.891024 208473.02419431892 485287.6790259043 2.327820018447877 101169390050.7722 442859.56569012604 54.67966252211248 19.138886818401108 116009.25267828767 74722.53995038298 4.674028015302643 2400.0 60356.003338792594 177502.35699920927 2.9747631267090355 510.3879378557347 9000.0 
1719762301.9192076 5.046875139722463 535777.0749503223 106160.16051861065 2704000.0 3312.916036661627 2250413.5062244874 679.2847996510632 7455430993.891024 208414.32652133075 485424.35512665083 2.3291314144710142 101169390050.7722 442918.56908855564 54.67966252211248 19.138886818401108 116009.25267828767 74869.94435028914 4.674028015302643 2400.0 60356.003338792594 177575.45193932424 2.9747631267090355 510.3879378557347 9000.0 
1719762604.7432704 4.772066446647551 566630.835976645 118739.0918193756 2704000.0 3281.8107605660316 2271743.1131236665 692.2224585343997 7455430993.891024 177993.73996905773 568387.3492874491 3.193299659787233 101169390050.7722 443096.9661781793 54.67966252211248 19.138886818401108 116009.25267828767 74996.43930598923 4.674028015302643 2400.0 60356.003338792594 177877.76626735684 2.9747631267090355 510.3879378557347 9000.0 
1719762907.62976 4.94891138522196 546382.7879550373 110404.64163221869 2704000.0 3252.949386428038 2291898.86107561 704.5602586495427 7455430993.891024 172044.20324158197 588043.0037431231 3.417976268095482 101169390050.7722 443362.6786494954 54.67966252211248 19.138886818401108 116009.25267828767 75113.73817096754 4.674028015302643 2400.0 60356.003338792594 177999.66170041886 2.9747631267090355 510.3879378557347 9000.0 
1719763210.4197984 5.965314436594879 453287.08632893086 75987.12375464926 2704000.0 3442.3637317054076 2165788.2707814467 629.1572999197493 7455430993.891024 137041.03425728495 738241.5828884783 5.387011174350023 101169390050.7722 444092.2571079098 54.67966252211248 19.138886818401108 116009.25267828767 75711.24615028925 4.674028015302643 2400.0 60356.003338792594 178481.31457569834 2.9747631267090355 510.3879378557347 9000.0 
1719817212.595053 5.965314436594879 453287.08632893086 75987.12375464926 2704000.0 3442.3637317054076 2165788.2707814467 629.1572999197493 7455430993.891024 137041.03425728495 738241.5828884783 5.387011174350023 101169390050.7722 444092.2571079098 54.67966252211248 19.138886818401108 116009.25267828767 75711.24615028925 4.674028015302643 2400.0 60356.003338792594 178481.31457569834 2.9747631267090355 510.3879378557347 9000.0 
1719817515.8306546 5.965314436594879 453287.08632893086 75987.12375464926 2704000.0 3442.3637317054076 2165788.2707814467 629.1572999197493 7455430993.891024 137041.03425728495 738241.5828884783 5.387011174350023 101169390050.7722 444092.2571079098 54.67966252211248 19.138886818401108 116009.25267828767 75711.24615028925 4.674028015302643 2400.0 60356.003338792594 178481.31457569834 2.9747631267090355 510.3879378557347 9000.0 
1719817818.7466805 5.965314436594879 453287.08632893086 75987.12375464926 2704000.0 3442.3637317054076 2165788.2707814467 629.1572999197493 7455430993.891024 137041.03425728495 738241.5828884783 5.387011174350023 101169390050.7722 444092.2571079098 54.67966252211248 19.138886818401108 116009.25267828767 75711.24615028925 4.674028015302643 2400.0 60356.003338792594 178481.31457569834 2.9747631267090355 510.3879378557347 9000.0 
1719818121.0383098 5.965314436594879 453287.08632893086 75987.12375464926 2704000.0 3442.3637317054076 2165788.2707814467 629.1572999197493 7455430993.891024 137041.03425728495 738241.5828884783 5.387011174350023 101169390050.7722 444092.2571079098 54.67966252211248 19.138886818401108 116009.25267828767 75711.24615028925 4.674028015302643 2400.0 60356.003338792594 178481.31457569834 2.9747631267090355 510.3879378557347 9000.0 
1719818423.3830974 5.965314436594879 453287.08632893086 75987.12375464926 2704000.0 3442.3637317054076 2165788.2707814467 629.1572999197493 7455430993.891024 137041.03425728495 738241.5828884783 5.387011174350023 101169390050.7722 444092.2571079098 54.67966252211248 19.138886818401108 116009.25267828767 75711.24615028925 4.674028015302643 2400.0 60356.003338792594 178481.31457569834 2.9747631267090355 510.3879378557347 9000.0 
1719818725.9374554 5.965314436594879 453287.08632893086 75987.12375464926 2704000.0 3442.3637317054076 2165788.2707814467 629.1572999197493 7455430993.891024 137041.03425728495 738241.5828884783 5.387011174350023 101169390050.7722 444092.2571079098 54.67966252211248 19.138886818401108 116009.25267828767 75711.24615028925 4.674028015302643 2400.0 60356.003338792594 178481.31457569834 2.9747631267090355 510.3879378557347 9000.0 
1719819028.1674016 5.965314436594879 453287.08632893086 75987.12375464926 2704000.0 3442.3637317054076 2165788.2707814467 629.1572999197493 7455430993.891024 137041.03425728495 738241.5828884783 5.387011174350023 101169390050.7722 444092.2571079098 54.67966252211248 19.138886818401108 116009.25267828767 75711.24615028925 4.674028015302643 2400.0 60356.003338792594 178481.31457569834 2.9747631267090355 510.3879378557347 9000.0 
1719819330.6405404 5.965314436594879 453287.08632893086 75987.12375464926 2704000.0 3442.3637317054076 2165788.2707814467 629.1572999197493 7455430993.891024 137041.03425728495 738241.5828884783 5.387011174350023 101169390050.7722 444092.2571079098 54.67966252211248 19.138886818401108 116009.25267828767 75711.24615028925 4.674028015302643 2400.0 60356.003338792594 178481.31457569834 2.9747631267090355 510.3879378557347 9000.0 
1719819633.3134758 5.965314436594879 453287.08632893086 75987.12375464926 2704000.0 3442.3637317054076 2165788.2707814467 629.1572999197493 7455430993.891024 137041.03425728495 738241.5828884783 5.387011174350023 101169390050.7722 444092.2571079098 54.67966252211248 19.138886818401108 116009.25267828767 75711.24615028925 4.674028015302643 2400.0 60356.003338792594 178481.31457569834 2.9747631267090355 510.3879378557347 9000.0 
1719819936.1422567 5.965314436594879 453287.08632893086 75987.12375464926 2704000.0 3442.3637317054076 2165788.2707814467 629.1572999197493 7455430993.891024 137041.03425728495 738241.5828884783 5.387011174350023 101169390050.7722 444092.2571079098 54.67966252211248 19.138886818401108 116009.25267828767 75711.24615028925 4.674028015302643 2400.0 60356.003338792594 178481.31457569834 2.9747631267090355 510.3879378557347 9000.0 
1719820238.7400382 5.965314436594879 453287.08632893086 75987.12375464926 2704000.0 3442.3637317054076 2165788.2707814467 629.1572999197493 7455430993.891024 137041.03425728495 738241.5828884783 5.387011174350023 101169390050.7722 444092.2571079098 54.67966252211248 19.138886818401108 116009.25267828767 75711.24615028925 4.674028015302643 2400.0 60356.003338792594 178481.31457569834 2.9747631267090355 510.3879378557347 9000.0 
1719820541.0388634 5.965314436594879 453287.08632893086 75987.12375464926 2704000.0 3442.3637317054076 2165788.2707814467 629.1572999197493 7455430993.891024 137041.03425728495 738241.5828884783 5.387011174350023 101169390050.7722 444092.2571079098 54.67966252211248 19.138886818401108 116009.25267828767 75711.24615028925 4.674028015302643 2400.0 60356.003338792594 178481.31457569834 2.9747631267090355 510.3879378557347 9000.0 
1719820844.2689064 5.965314436594879 453287.08632893086 75987.12375464926 2704000.0 3442.3637317054076 2165788.2707814467 629.1572999197493 7455430993.891024 137041.03425728495 738241.5828884783 5.387011174350023 101169390050.7722 444092.2571079098 54.67966252211248 19.138886818401108 116009.25267828767 75711.24615028925 4.674028015302643 2400.0 60356.003338792594 178481.31457569834 2.9747631267090355 510.3879378557347 9000.0 
1719821146.9377594 5.965314436594879 453287.08632893086 75987.12375464926 2704000.0 3442.3637317054076 2165788.2707814467 629.1572999197493 7455430993.891024 137050.03425728495 738193.1029717675 5.386303673488711 101169390050.7722 444140.5915848704 54.67966252211248 19.138886818401108 116000.25267828767 75711.24615028925 4.674028015302643 2400.0 60356.003338792594 178481.46001544845 2.9747631267090355 510.3879378557347 9000.0 
1719821449.2673423 5.965314436594879 453287.08632893086 75987.12375464926 2704000.0 3442.3637317054076 2165788.2707814467 629.1572999197493 7455430993.891024 137050.03425728495 738193.1029717675 5.386303673488711 101169390050.7722 444140.5915848704 54.67966252211248 19.138886818401108 116000.25267828767 75711.24615028925 4.674028015302643 2400.0 60356.003338792594 178481.46001544845 2.9747631267090355 510.3879378557347 9000.0 
1719821751.4378755 5.965314436594879 453287.08632893086 75987.12375464926 2704000.0 3442.3637317054076 2165788.2707814467 629.1572999197493 7455430993.891024 137050.03425728495 738193.1029717675 5.386303673488711 101169390050.7722 